Node1	Node3	Node6	Node9	year	month	Date
1.2526788153173667	1.1177797151927291	0.315601441270761	1.1588092888853077	1950	1	1950-01-01
1.9251503093108004	2.3421090044286688	1.813162046759781	0.4515076594438132	1950	2	1950-02-01
0.3265922335732799	0.3944851013605137	0.3011062706279881	-1.0828445678079923	1950	3	1950-03-01
-0.0412187245461236	0.1160266967523478	-0.1353068299608707	-0.4560211230340754	1950	4	1950-04-01
-1.423917461825459	-1.2254949009098348	-1.2250537275772269	-1.2560653640645667	1950	5	1950-05-01
-0.1409996619064401	-0.5478232401352584	0.2002670093328411	0.3133886713272237	1950	6	1950-06-01
-0.471295946457747	-0.4694343453344061	-0.3929627290635197	0.1265141907236763	1950	7	1950-07-01
-0.3525666728367804	-0.3622882331044968	-0.4957111993622973	0.7932447402270053	1950	8	1950-08-01
0.4955847847416122	0.7266702691443827	0.6026434425026561	1.1393295612648122	1950	9	1950-09-01
0.1782561850472332	0.0059907923858837	-0.2624876593454925	0.3967675315929972	1950	10	1950-10-01
0.0468736332062545	-0.6755634785393374	-0.4292241267354437	-0.0344170797153876	1950	11	1950-11-01
-0.2252853287882024	-0.5627889040029251	-0.4558752269517802	-0.2004938370943215	1950	12	1950-12-01
1.4769799422020096	1.6467647224429207	1.1063848584241298	0.969421439416088	1951	1	1951-01-01
1.3645335301271564	1.461410447349208	0.7866920441190074	1.054308828628772	1951	2	1951-02-01
-1.486473009208552	-1.9518920794897443	-2.0024354021153767	-2.426574694300065	1951	3	1951-03-01
-1.0187094756131936	-1.6317914971433864	-1.1504903419621828	-1.6693995151866974	1951	4	1951-04-01
-1.664088234109559	-1.1186195781340746	-1.3141106577324149	-0.9815541345801254	1951	5	1951-05-01
-1.0713444942026218	-1.157683388374558	-1.0295924680704795	-1.1454319377138773	1951	6	1951-06-01
-0.1128737073322381	-0.0808885166950046	0.2995160324447485	0.826385534166852	1951	7	1951-07-01
-0.0271719744241275	0.0747126452454414	-0.0820546700300953	0.6712356138371336	1951	8	1951-08-01
-0.2266128097314506	-0.6607200331846631	-0.577359419871483	-0.4003384901185995	1951	9	1951-09-01
0.0869706998513938	-0.0180174925913846	-0.6824681859270374	-0.2647263731815437	1951	10	1951-10-01
0.6306073253432259	0.5432626376854988	0.7435630759710216	0.7570539086502875	1951	11	1951-11-01
2.398228593102788	1.9812151526828	2.439805832796649	1.4315095607000046	1951	12	1951-12-01
1.731270342520145	1.926074263723876	2.089457863801602	1.5377450485732178	1952	1	1952-01-01
-0.8638868238952149	-0.6245830719954656	-0.9286921132941268	-1.486134702539223	1952	2	1952-02-01
-1.2975989648436128	-1.598872076699901	-2.140816085282097	-2.5848955270978093	1952	3	1952-03-01
0.2609379741154381	0.229880904382694	0.0993785308273602	-0.3352719016092692	1952	4	1952-04-01
-1.6739235396683314	-1.9569632320369437	-1.6940145719194986	-1.7406715791928589	1952	5	1952-05-01
-0.2692232054867625	-0.5408442219788492	0.047727141352398	-0.010232432878844	1952	6	1952-06-01
-0.1282639912005534	-0.0997924877338425	0.2353011041094136	0.7923377284688691	1952	7	1952-07-01
-0.5543517137005377	-0.3740508724963334	-0.0706486211262743	0.2967522769967435	1952	8	1952-08-01
-0.8855879598404746	-0.4869684459370936	-0.282056872634981	0.1252740512428883	1952	9	1952-09-01
0.0072781792514717	-0.3366977119886468	-0.4192400402765871	0.4766480172984316	1952	10	1952-10-01
-0.8701558731044159	-0.917531027657248	-1.0309697151881625	-0.5004620935721029	1952	11	1952-11-01
-0.0298911257159294	-0.4583534539665755	-0.4796356360845673	-0.3163772851196211	1952	12	1952-12-01
0.4960032905150904	0.4558514161588696	0.4201751694469956	0.3051122213563005	1953	1	1953-01-01
0.3193241414961714	0.4982458965540866	0.2305145318982103	0.0272871448547699	1953	2	1953-02-01
0.1658643606805108	-0.3255470702272546	0.0123912167451835	-0.7145071199363264	1953	3	1953-03-01
-1.3998566263546084	-2.162364837671044	-1.664492984983807	-2.179378549934095	1953	4	1953-04-01
-1.3088944444175907	-0.909890102267132	-1.1708363378373303	-1.271278589818806	1953	5	1953-05-01
-0.5572100758246743	0.0743433858408989	-0.3296653288226617	0.7845673338985342	1953	6	1953-06-01
0.1912305742916301	0.3941131422421725	0.6608368115952046	1.0165227299824808	1953	7	1953-07-01
-0.0893502404240958	0.0445163853717144	-0.0982522428950339	0.461107619991611	1953	8	1953-08-01
-0.0696506066100061	-0.1404325061412947	-0.0329732544042121	0.3353007613585821	1953	9	1953-09-01
0.5032925223865058	0.5093673140105897	0.0020315874363022	0.636285585789797	1953	10	1953-10-01
1.6659212142768105	0.8516529336179837	1.035011828490649	0.7706214499722562	1953	11	1953-11-01
1.473554631153997	0.5895504269780186	0.8819848254462738	0.3455082164191855	1953	12	1953-12-01
0.728221403241693	1.7940051006199482	0.8371981363304665	0.693685308185229	1954	1	1954-01-01
1.1014093257572717	0.8225399417588573	0.4392199424897755	1.0618731021273362	1954	2	1954-02-01
0.2056192859639213	0.2988287824508248	0.0928839318489741	-0.8664899980017485	1954	3	1954-03-01
-0.3140079797188187	0.1038707678563489	-0.3013772390158343	0.1257569197065635	1954	4	1954-04-01
-1.5926597342242947	-1.5431044762394936	-1.94372760452564	-1.1339981740628888	1954	5	1954-05-01
-0.1649169940155535	0.138126923603462	0.2893404420250126	0.4300427765623991	1954	6	1954-06-01
0.0078752983035105	0.2749288689687181	0.417000609158853	0.8779721957828789	1954	7	1954-07-01
-0.4928868041223266	-0.1588692985405836	-0.2029450400384477	-0.0857584361949381	1954	8	1954-08-01
0.5126317721795077	0.4152325263478704	0.6262718473198758	0.3974657613559609	1954	9	1954-09-01
0.7211366035860453	0.5880268763955234	0.677895650971082	0.8806301031618763	1954	10	1954-10-01
1.259535649353954	0.8204045364943575	0.4993843082611696	1.5294505758075057	1954	11	1954-11-01
1.5875342316974812	1.4870475782045158	1.5501275391749294	1.2294436572358405	1954	12	1954-12-01
-0.8365146361122283	-0.7687747568008172	-0.8461726740985487	-3.1481096954873315	1955	1	1955-01-01
-0.7231758283928377	-0.0296379252034158	-0.8418167312855012	-0.5885830418006077	1955	2	1955-02-01
-1.318727371061685	-1.444251037475914	-1.3474958347575716	-1.9159838468872856	1955	3	1955-03-01
-0.6127271778410882	-0.7084867754808603	-0.932774702674424	-1.3012438039076877	1955	4	1955-04-01
-0.614247461268167	-0.6228807799059267	-0.2655624041415988	-0.6487984138334889	1955	5	1955-05-01
-0.7125638939505827	-0.5819955003218664	-0.4055756972558656	-0.3650307308563313	1955	6	1955-06-01
-0.2178134558596108	0.3730306803041062	0.0873414310062998	1.1804392997554412	1955	7	1955-07-01
-0.475930771637394	-0.0871520428938204	-0.4456766759947645	0.7966603609562407	1955	8	1955-08-01
0.4089624175525579	0.3468545586487809	0.1484520559507293	1.3636329396687903	1955	9	1955-09-01
-0.7951968878176667	-0.9328962715500108	-0.4680984414542243	-0.3806723242370465	1955	10	1955-10-01
-1.1083721476600197	-1.9268045829825544	-1.3470501062417295	-2.121788875946688	1955	11	1955-11-01
0.5412315740425405	1.0378575778776968	0.5103823171754333	-0.2613149998383407	1955	12	1955-12-01
-0.120234756539941	0.3631601818498011	-0.1575506098744784	-0.4841814245881453	1956	1	1956-01-01
-1.4388431242418784	-1.3445467255878571	-2.10236739390303	-0.9544553375239988	1956	2	1956-02-01
0.4401579304755061	0.8170348696344755	0.1697273370124778	-0.2797704315960931	1956	3	1956-03-01
-1.3395678266814743	-1.3354059823519009	-1.1176658796678025	-0.9795976148577958	1956	4	1956-04-01
0.6092177990827724	0.7507886074992706	0.8419714597712374	1.0269092125353534	1956	5	1956-05-01
-0.1986509390541817	0.1270272221914673	0.1611397204716188	0.1845491423326615	1956	6	1956-06-01
-0.4970270354635308	-0.320200174293483	-0.1163224157647202	0.3840926052175248	1956	7	1956-07-01
-0.7734406901116679	-0.5489484743651049	-0.0489022489152248	0.1453483851248686	1956	8	1956-08-01
-0.270187418999084	-0.2895777597166881	-0.1981936763457357	0.0066335022087819	1956	9	1956-09-01
0.2445582153746762	0.2786835296200971	0.1548562795082202	1.0927156921616397	1956	10	1956-10-01
0.291792751546763	0.1084340869736694	0.1280269957066487	1.0278396849229685	1956	11	1956-11-01
1.987610157667948	1.6068131175969205	1.5460873508561552	1.2688201782301698	1956	12	1956-12-01
2.474932032239819	2.648453567435681	2.401226971775105	1.8437456886627983	1957	1	1957-01-01
0.6092308273063964	0.6204808980517205	0.3251741476737686	-0.7917507596699392	1957	2	1957-02-01
-0.8656446470646543	-1.4745109938561776	-1.744126875874619	-2.694232067854999	1957	3	1957-03-01
-0.5237736496611701	-0.0939568342627516	-0.6738188181717615	-0.7518772654178484	1957	4	1957-04-01
-1.4035888186466865	-0.7625812876961784	-1.2679494004951228	-1.1747727949651543	1957	5	1957-05-01
-1.0305391608157066	-1.0249070925697854	-0.5709681804910733	-0.7620438975137817	1957	6	1957-06-01
-0.8644426936234734	-0.7433191000884348	-0.3867255651802431	0.1000195747353691	1957	7	1957-07-01
-0.2384793438814995	0.0687595509113035	0.1425848238488735	0.7134266338792157	1957	8	1957-08-01
-0.7744181123374865	-0.7480219873818768	-0.4882955095091977	0.1428529652895743	1957	9	1957-09-01
1.0364296086663196	1.2048619386879698	0.9694677156866284	1.255917247495808	1957	10	1957-10-01
-0.3447799485965002	-0.962139627305492	-0.7016460099643927	-0.6413970005007956	1957	11	1957-11-01
1.3539247749704006	0.9722047896719366	1.6474336450760585	0.9845880559428506	1957	12	1957-12-01
0.2390959942906094	-0.1403994840561331	-0.2189277563674566	-0.3872344578391888	1958	1	1958-01-01
-1.0316958395305924	-1.2498535430072888	-0.8167349365906491	-1.6653858191997089	1958	2	1958-02-01
-2.048088418881544	-1.686990723758833	-2.8390204074138223	-3.1644889415074693	1958	3	1958-03-01
-0.5629095114379268	-0.3807729837441237	-0.7155357309257891	-0.0443481489394815	1958	4	1958-04-01
-0.8195616034546498	-1.112551429908064	-0.4405685955854895	-0.0348942912805394	1958	5	1958-05-01
-1.0555066772996686	-1.117167265583876	-0.7700115022108749	-0.6940117475786809	1958	6	1958-06-01
-0.5706894047008376	-0.4558961819577689	-0.0394493476752661	-0.4315967414690123	1958	7	1958-07-01
-0.7997002499014683	-1.23607226532402	-0.8777177637119298	-0.8600714052988846	1958	8	1958-08-01
-0.2363325509979738	-0.4009658144432602	-0.3412888433983734	-0.3680128400420111	1958	9	1958-09-01
0.287151865183901	0.162267268396915	0.169793480513256	0.5131442267810495	1958	10	1958-10-01
0.3008584395017084	-0.2019811570300851	-0.0049633557841846	-0.1078988282606856	1958	11	1958-11-01
0.2779287864017478	0.6874194830998385	0.4358744811634155	0.0883414577537027	1958	12	1958-12-01
-0.7029532868721685	-0.7306915611855814	-0.281128389096128	-1.313847351202912	1959	1	1959-01-01
1.6356197633954606	1.7740182526492732	1.8166643553386823	0.8676610686215767	1959	2	1959-02-01
1.1703007001634853	1.128805040332363	0.6617070083996056	-0.3670523015422465	1959	3	1959-03-01
-0.1298837743207201	-0.3173885091745813	-0.361230002568687	-0.4069501606817594	1959	4	1959-04-01
-1.2208225131290251	-0.951687302953836	-1.210081892977121	-1.0345661011113405	1959	5	1959-05-01
-0.3167488661651396	-0.33985608265378	-0.1927721248188231	-0.2870143120143241	1959	6	1959-06-01
0.0828376191981847	0.2279457129296111	0.2980249713681297	1.2683265613164456	1959	7	1959-07-01
-0.8128592478646812	-0.9080759303658836	-0.7813598170475774	-0.2872231923479701	1959	8	1959-08-01
-0.5504072915174404	-0.4004999243994456	-0.4298262408507278	0.3957710750185494	1959	9	1959-09-01
0.4196313649720727	0.1030283374438694	0.0257912463029025	0.8682268589657866	1959	10	1959-10-01
0.5876935194520521	-0.2053454832003096	-0.2800605379972384	0.4184325749426468	1959	11	1959-11-01
1.744329799990117	1.90464883366842	0.8591723468666662	1.2010561807186024	1959	12	1959-12-01
-0.5762868158575005	-0.5327004455848429	-0.8926554555754393	-1.577014655502135	1960	1	1960-01-01
-1.0353146630476295	-1.8189503541655645	-1.656663644157958	-2.1617931232119365	1960	2	1960-02-01
-0.4853241343140096	-0.2471665280575387	-1.3959032596359338	-1.949456983910946	1960	3	1960-03-01
-0.1385550769274543	-0.5440693838949847	-0.8172207309625518	-1.124215888749427	1960	4	1960-04-01
-1.0403455279669862	-1.2573286650286912	-1.3495354628432974	-1.032458320856224	1960	5	1960-05-01
-0.5129390583094402	-0.5473322887994042	-0.1423939210467708	0.1162174830057966	1960	6	1960-06-01
-0.169901882289658	-0.2214569734600008	0.0910844432148207	0.6607035595202764	1960	7	1960-07-01
-0.899046419047483	-0.7938966865798925	-0.4974937726962891	-0.0619108278488679	1960	8	1960-08-01
-0.1896452789733322	-0.1949234172983079	-0.4056463757942253	0.8425093159177287	1960	9	1960-09-01
-1.2796872176902192	-1.1250777397565237	-1.0943535486447116	-0.7764042605833127	1960	10	1960-10-01
0.6816918880888518	0.0506759706496602	0.1165156552111241	0.4745519827696229	1960	11	1960-11-01
1.3373155741140006	1.4317943449544417	1.3208610626118085	1.770023767117754	1960	12	1960-12-01
1.3379568162087463	1.588866533846995	1.114817569135164	0.3772818173170822	1961	1	1961-01-01
1.896558491146706	1.879025526311736	1.3112541433670593	0.3869254316179922	1961	2	1961-02-01
0.1242867439547034	0.0120218001938527	0.4830254458040915	-1.211230281720978	1961	3	1961-03-01
-0.8778921452196535	-1.0254909864820294	-1.032523442672791	-2.505005400168514	1961	4	1961-04-01
-0.6739177521916725	-0.345266708050501	-0.5070172178359914	0.005084871047699	1961	5	1961-05-01
0.6091907543651476	0.672238238978416	0.9547212131067964	1.0743890044663222	1961	6	1961-06-01
-0.2588327928030544	-0.1270725551496304	0.2228449131563038	0.5036287503401423	1961	7	1961-07-01
0.1308164103483059	0.2442027613650696	0.4225073753883079	1.5233138877140204	1961	8	1961-08-01
0.582555968854009	0.2962447328556212	0.3771122189166618	0.9327840371660896	1961	9	1961-09-01
0.751882883061535	0.3369293820729406	0.2427680676414745	0.5836115366855804	1961	10	1961-10-01
-0.2558727715165731	-0.7614831367716055	-0.5081943717042308	-0.38427784593231	1961	11	1961-11-01
-0.730729273614799	-0.969311867879342	-1.0252079070512194	-2.56120970082562	1961	12	1961-12-01
2.527482528544113	2.4922265055797426	2.654951152026119	2.293020302199128	1962	1	1962-01-01
0.338201541672578	1.0699429631771984	0.5763137198867708	0.2932265738410406	1962	2	1962-02-01
-2.796614416352748	-2.194750605566768	-2.948722515265689	-4.245840602507474	1962	3	1962-03-01
-0.1632712283261173	0.194094469623819	-0.0233651501100406	-0.048339590410558	1962	4	1962-04-01
-1.0508017105601404	-0.7932920812787816	-0.7461679180679195	-0.4759769790271369	1962	5	1962-05-01
-0.3112419516240865	-0.0487557294319468	-0.0162520266293865	0.1045538192463328	1962	6	1962-06-01
-0.8701428001725781	-0.7712698040677285	-0.3805358774812145	-0.3934687088454288	1962	7	1962-07-01
-0.0113183682589548	-0.0120716187669497	0.3370412509966717	0.8621639420390854	1962	8	1962-08-01
-0.0828266823292875	-0.0085783012079375	0.0463489410190302	0.2592747430731368	1962	9	1962-09-01
0.0201799392021419	-0.2008895334320027	0.0488016751554131	-0.4049850261038019	1962	10	1962-10-01
-0.4218249609882997	-0.3136613654112798	-0.5890078303456974	0.0038325293208125	1962	11	1962-11-01
0.0901259387093932	-0.0221604362352924	-0.0379055232924892	0.2737861063677307	1962	12	1962-12-01
-1.8705115408095585	-1.948875197295372	-1.7644686920748616	-1.7500224187040625	1963	1	1963-01-01
-0.6286154093517017	-0.1628828250503467	-0.7008577633199956	-1.0124497260538032	1963	2	1963-02-01
0.7893562877280307	0.7039219178776138	0.2371791100474556	-0.0817359549383759	1963	3	1963-03-01
-1.253262004901503	-1.4951926519190326	-1.7045356212408869	-2.2312719579188505	1963	4	1963-04-01
0.3845937091281711	0.590746259336483	0.203794134735314	1.167399407890375	1963	5	1963-05-01
-0.8619663100368316	-0.4824831952402381	-0.531181882933607	-0.3974729512074562	1963	6	1963-06-01
-0.5276827883095049	-0.6779399431408221	-0.3622426573148887	-0.3693911662320918	1963	7	1963-07-01
-0.481970188205184	-0.2486209632066892	-0.1127595240333375	0.4954033074671933	1963	8	1963-08-01
0.3397436889794406	0.7400343601823965	0.3951163080127048	1.1736201451889572	1963	9	1963-09-01
0.78201779178201	0.7003089465251356	0.6534421180801496	0.9556310907272176	1963	10	1963-10-01
0.179911268178546	-0.4593810589435173	0.1557074184583869	-0.3291161095889146	1963	11	1963-11-01
-0.382078596983927	-0.141982878197231	-0.1179833548036344	-1.059094952420771	1963	12	1963-12-01
0.4265003959096228	-0.2020794305808571	0.4413518705816323	-0.6597360187175509	1964	1	1964-01-01
-0.5173970856391352	-0.5132312917056984	-0.5228213545009993	-1.173148760197515	1964	2	1964-02-01
-0.5057198294962368	-0.4186938731466418	-1.3201119900487832	-1.3268446868718775	1964	3	1964-03-01
0.0338503988313539	0.2108697929389217	0.0695476075693972	0.1915701579178411	1964	4	1964-04-01
-0.0712123228896461	-0.3953203957191561	-0.2881700488944665	-0.512906939713755	1964	5	1964-05-01
-0.3143933904714978	-0.1769904660714611	0.000433727838282	0.1792410218740905	1964	6	1964-06-01
0.5271115692714584	0.8240263278067697	0.7561138183462988	1.3256935685411229	1964	7	1964-07-01
-1.0070542202885242	-1.2890386929230937	-0.918631855298536	-0.6927736096172838	1964	8	1964-08-01
-0.0867636084768863	-0.0427340925911002	0.1338187286688958	0.117981578318331	1964	9	1964-09-01
0.3346724691131789	0.1179998819370876	0.1254391428106441	0.4785163060026887	1964	10	1964-10-01
0.13895027829921	-0.1053119433412267	0.0186807138900623	-0.3634441043987057	1964	11	1964-11-01
0.5787748607736904	0.4045846245684533	0.4026314299224919	0.5475609427812357	1964	12	1964-12-01
0.673646962345883	0.7768781742862271	0.6339210212889815	0.1223387519728623	1965	1	1965-01-01
-2.074509981228969	-1.8149371676904544	-1.653442193017613	-1.360393551698159	1965	2	1965-02-01
-0.4424669902999268	0.1873187576888797	-0.3968811049466738	-2.1969029747128137	1965	3	1965-03-01
-0.0044433819903571	0.4157103867786899	-0.1703599661521739	0.0668347044276478	1965	4	1965-04-01
-1.1031402011397735	-1.0499977697140916	-0.9144942655232092	-0.7173600871033181	1965	5	1965-05-01
0.1896271497193144	0.5550082708818194	0.3762768809009775	0.3234296070933793	1965	6	1965-06-01
-0.2526488966399768	0.0503102232658288	0.4616314447395983	0.3404204860335659	1965	7	1965-07-01
-0.1163472591682555	-0.2166748218745997	-0.0086232106588304	0.6619617616548139	1965	8	1965-08-01
-0.047537413191339	0.0242637584922514	-0.0590567836677579	0.7787298421941922	1965	9	1965-09-01
-0.0628833766505053	-0.4006328588959866	0.023195836231391	0.1250206827358147	1965	10	1965-10-01
-0.7120660320355029	-0.8475946614022525	-0.5495502221410751	-0.7455536768007002	1965	11	1965-11-01
1.104105356734044	1.4349523032524618	1.2307404417766803	0.7587172973856744	1965	12	1965-12-01
-0.9942230157582316	-0.8804544722776653	-2.126805426821788	-3.290233267131628	1966	1	1966-01-01
-0.1222969726443343	0.1553312644010146	-0.6020272908264034	-1.156836439229906	1966	2	1966-02-01
-0.1665575577010921	-0.4289007237184984	-0.309700944950308	-0.2760203698674596	1966	3	1966-03-01
-0.9719582264784804	-0.9008667978344468	-1.6810325004416076	-1.6019094830044829	1966	4	1966-04-01
-0.191988782057428	-0.1521355868071907	-0.1935408952129051	-0.2097695325424474	1966	5	1966-05-01
-0.0422048045957102	0.2683513482826881	0.1303165796786954	0.7709773279988649	1966	6	1966-06-01
-0.1463294785522768	0.1003844846959982	0.4023333373328743	0.8177486725081264	1966	7	1966-07-01
-0.8778375124076512	-0.7250049239448435	-0.7186890499670815	-0.8682635870515454	1966	8	1966-08-01
-0.3622896948107927	-0.318076725890127	0.2349012923209997	-0.190665895621663	1966	9	1966-09-01
-1.0068535470018112	-1.297095494941062	-1.047328577032968	-0.5083671062925076	1966	10	1966-10-01
0.1405780646586183	0.0255532739954604	0.0013339356544576	0.8581554070274603	1966	11	1966-11-01
1.1265131997922355	1.0028002811253551	0.3389354372329361	0.7698134020173321	1966	12	1966-12-01
0.1217857801672753	-0.0563738355273117	-0.0950079273441154	-0.4427775126129729	1967	1	1967-01-01
1.7801133260916804	1.7917382909290238	1.655532434876024	0.9599003371193562	1967	2	1967-02-01
1.526083186667873	1.740207744018782	1.8478035334037088	0.9253843929970038	1967	3	1967-03-01
-0.7652876967997668	-0.3687024947255287	-0.589677365099954	-0.5938087330843751	1967	4	1967-04-01
-0.6557272865298284	-0.6837581928453398	-0.5047753223228999	-0.1904572034358221	1967	5	1967-05-01
0.1808475339611169	0.5836873514028662	0.5722621509619339	1.0786362815621235	1967	6	1967-06-01
0.2528423005166611	0.0184827485487614	0.3150455536925439	0.4276106381048483	1967	7	1967-07-01
-0.0781913317812314	0.2482752857581552	0.1732393599603821	1.210296232586857	1967	8	1967-08-01
0.0588481834013639	0.4342843480242709	0.0711352400760127	0.965492881999854	1967	9	1967-09-01
1.145894833585804	0.8543958371386916	1.265502749587837	0.8365823218464785	1967	10	1967-10-01
0.5058878420150666	-0.0745377751607131	0.5265956024709345	0.6876322128610747	1967	11	1967-11-01
-0.3870961016508268	-0.2615635429285286	-0.1435893002323732	-0.3281761962433809	1967	12	1967-12-01
0.7662789626161999	1.6992865827971602	0.6396521977631932	0.37549211650698	1968	1	1968-01-01
-0.957283138906232	-0.9454455506448988	-0.8548856755903894	-1.933878865418161	1968	2	1968-02-01
0.7067352125079912	0.7318656972339969	1.3381216309218151	0.4147003775018767	1968	3	1968-03-01
-0.894032778358308	-1.116636351508028	-0.7189284767952567	-0.7926236924390745	1968	4	1968-04-01
-1.3409123289796596	-0.987642593634816	-1.171723406409353	-1.4196965960373866	1968	5	1968-05-01
-0.2106400602814658	-0.0446166629177408	-0.0545746331938231	-0.1808881577764707	1968	6	1968-06-01
-0.9282397974837838	-0.6193966368869516	-0.4148117027267243	0.0653604740318088	1968	7	1968-07-01
-0.7299936640485322	-0.3600055967829921	-0.574073651699005	-0.3822882465661885	1968	8	1968-08-01
-0.5495092504448118	-0.7123837421966708	-0.9564331225964564	-0.3044667920026751	1968	9	1968-09-01
-0.7109736346653942	-1.3430960097071918	-0.877681904164606	-1.429583495921736	1968	10	1968-10-01
-0.5704862827796445	-0.6928163689388573	-1.1962662752975954	-1.3157862510690754	1968	11	1968-11-01
-0.1278610441668661	-0.0110729546491507	-0.3280084610558919	-1.1224645062918974	1968	12	1968-12-01
-0.7641507215887381	-1.7271156721261225	-2.0722193636113007	-2.1535240689782444	1969	1	1969-01-01
-1.9386554670395428	-2.0250204229564157	-2.666531948076768	-1.945731113531252	1969	2	1969-02-01
-1.7413385913274488	-1.8550937912898464	-2.338840687089124	-2.5323378809364976	1969	3	1969-03-01
-0.1890169738099138	0.2792025146761041	-0.0682319559342441	0.2091202056746465	1969	4	1969-04-01
-1.1169216277937684	-0.7783434545032678	-0.7459213992930044	-0.2703977517812684	1969	5	1969-05-01
-0.6607846668590754	-0.5499885423587613	-0.5037963284552193	0.5549184453887471	1969	6	1969-06-01
0.0749730599585652	-0.0428913187444568	0.063337041823277	0.6342990819110831	1969	7	1969-07-01
-0.9933373494814864	-1.1042705802413624	-1.096153951339755	-0.1078822404729219	1969	8	1969-08-01
-0.0293084226210924	0.4479161470918515	0.0642361950835649	0.5294621512260412	1969	9	1969-09-01
0.082591763790582	-0.0837804014985362	0.051133336388928	0.124083620952673	1969	10	1969-10-01
0.1602389624946394	-0.3045769913041233	0.7267597974031638	0.8909989215239341	1969	11	1969-11-01
0.013462646779269	0.1712716153054893	-0.4531784956827725	-0.4007200377802346	1969	12	1969-12-01
-0.3888920946923013	-0.7341360071756396	-1.314307453897062	-1.93111234194954	1970	1	1970-01-01
0.6167385854235033	0.8066049813906144	0.8823474233416686	1.656915975034285	1970	2	1970-02-01
-1.0964957429993512	-1.1167471211005864	-1.349616875122337	-1.4028959474907812	1970	3	1970-03-01
-0.6126731793854905	-0.4737042536816094	-0.5910144113555965	-0.8498263126970207	1970	4	1970-04-01
-0.4182892694247408	-0.1137832551884921	-0.5517569854859956	0.3642418817084962	1970	5	1970-05-01
-0.0228858067408336	0.4617672216509557	0.3733491182776524	0.8880030046707627	1970	6	1970-06-01
0.1381966992199637	0.2093450158629322	0.4571504438369838	0.7952506445258308	1970	7	1970-07-01
-0.626975507691637	-0.6331842727547887	-0.5138847439223323	0.133528495140827	1970	8	1970-08-01
0.0065459085415099	-0.1540890366621517	0.0672940815514204	0.672246732639986	1970	9	1970-09-01
-0.4130195672868883	-0.5252008554868284	-0.5255940981160178	-0.0588392767602963	1970	10	1970-10-01
0.210385730968278	-0.1861779415348756	0.3484376147980915	0.7086842058908392	1970	11	1970-11-01
-0.4759747019908256	-0.1728757448025708	-0.295321181337025	-1.3493525803691342	1970	12	1970-12-01
0.6970762561538083	0.264258378967064	0.40526450173951	-1.2502148286842918	1971	1	1971-01-01
0.7642999497795754	0.3519338675648135	0.1767791653938134	0.6387284874333895	1971	2	1971-02-01
-1.0171383298710266	-0.7802051128188797	-0.8507545305902836	-1.5166940984592177	1971	3	1971-03-01
-1.3300324231957386	-1.4874575288624785	-1.3649146769139118	-1.5811500294107743	1971	4	1971-04-01
-0.4700046869525524	-0.1380868903555354	-0.3679820768072266	0.1873384051693594	1971	5	1971-05-01
-1.055538000249447	-0.7083959730115162	-0.499165503672338	-0.5970856007186224	1971	6	1971-06-01
-0.5620534826425634	-0.6762232103065138	-0.2699603816325959	0.0457524532111454	1971	7	1971-07-01
0.2435221271244722	0.634513594027719	0.5326840601765063	0.9418443829686064	1971	8	1971-08-01
-0.6261505307829653	-0.5723642877375907	-0.7066847074028901	0.168804946540766	1971	9	1971-09-01
0.1924364134393529	-0.1762727131323124	0.0832243573028499	0.0147838962790356	1971	10	1971-10-01
-0.276095743205294	-0.0217260983313786	0.2508695799089507	-0.0976345914085337	1971	11	1971-11-01
0.9960419378497172	0.786014819254953	0.6632314095854371	-0.066721915007896	1971	12	1971-12-01
1.493224171462924	1.0605539287314576	0.4321642682748511	1.0405133041863217	1972	1	1972-01-01
0.8889831100288397	0.979315533236498	0.4149072967567916	0.1626781887330525	1972	2	1972-02-01
0.2895366630253269	0.3309281483755136	-0.0484851326359434	-0.096602533519913	1972	3	1972-03-01
-0.5739593368850576	0.0993396945976835	-0.477892763998652	-0.4584254944899202	1972	4	1972-04-01
-0.3796093007434331	0.3386239519600533	-0.3502881389981195	0.5848339734255208	1972	5	1972-05-01
0.1672473493098504	0.2687033294296623	0.2165057620521567	1.3854984097479093	1972	6	1972-06-01
-0.306370718226327	-0.1694903692342725	-0.3843596457050165	0.3543513868330285	1972	7	1972-07-01
-0.3287739071907242	-0.0364960384036166	-0.2006053294790581	0.4411263142211579	1972	8	1972-08-01
-0.9833316778026556	-0.9033227406012768	-0.9248786799157876	-0.0678272413928295	1972	9	1972-09-01
-0.4103386739485558	-0.296705417885402	-0.3267546718548674	0.604205643995203	1972	10	1972-10-01
0.5817898739135219	0.4985783962043186	0.7490279526922214	0.4750476356993173	1972	11	1972-11-01
2.482150052993315	2.2176217428097003	1.865317597022095	0.7962826453705366	1972	12	1972-12-01
1.3939088006486262	1.3632173977645778	1.0284553255665922	0.5883499006644768	1973	1	1973-01-01
1.0612096654855898	2.152173587492667	1.761389364270162	1.114264942613153	1973	2	1973-02-01
0.1975185214126983	0.3275242588214913	-0.0272293740234949	-0.4019953648695863	1973	3	1973-03-01
-1.8595173473873767	-1.8918554817896247	-1.7927815695611131	-1.8894581811487527	1973	4	1973-04-01
-0.7425768270958886	-1.1150554303337437	-0.6158012250272068	-0.6996121574258886	1973	5	1973-05-01
-0.0931738041120795	-0.2732549502270888	-0.0616583038833435	0.1573610191081885	1973	6	1973-06-01
-0.3791984572699856	-0.0469301593494081	0.1237006758994162	1.0507626047797156	1973	7	1973-07-01
-0.1521225381050638	-0.1904399906359034	-0.1060009589154944	-0.1952220518361444	1973	8	1973-08-01
-0.3190687438032979	-0.1899770389309127	-0.2117179052631538	0.5295228567606853	1973	9	1973-09-01
-0.8373625705323758	-0.7301314878937593	-0.4884384456354414	-0.5406142817605248	1973	10	1973-10-01
-0.6226277214378846	-1.2120762137980214	-0.0360520273991266	-1.1811105605363077	1973	11	1973-11-01
0.5707367710104084	0.760270675838128	1.003565895105413	0.8131586252413318	1973	12	1973-12-01
3.2559685271937533	2.8661659905482515	2.1234937987290223	1.4663358351196536	1974	1	1974-01-01
0.8124990544096842	1.0820603237670836	0.6029131550598745	-0.1913221137446852	1974	2	1974-02-01
-0.0017592857255723	0.244341061508885	-0.4691263555496983	-0.4644636013248778	1974	3	1974-03-01
-0.896283466752804	-0.230377329852406	-0.591748789389782	-0.7240221251632513	1974	4	1974-04-01
-1.256712608918035	-1.242174969721871	-1.3741562356919386	-1.3386394679908658	1974	5	1974-05-01
-0.8142375355034984	-0.9192108022778482	-0.6502681801660091	-0.0912794524396388	1974	6	1974-06-01
0.0622688532052852	0.004781910190881	0.5415498440469861	0.6487688451601709	1974	7	1974-07-01
-0.2691167531661933	-0.3281379778459517	-0.3065326561644062	0.122711225725248	1974	8	1974-08-01
0.3842655283282791	0.3893285487925721	0.4720378543920125	0.9146656898083952	1974	9	1974-09-01
-0.7102767818055495	-0.0580444981804305	-0.3786123762731854	1.0581577711492656	1974	10	1974-10-01
0.5512684998892822	0.0261573960079447	0.1763402171170289	0.4511510627736581	1974	11	1974-11-01
1.7423651935156237	1.3822409909003657	1.7050485793673336	0.3178401491289238	1974	12	1974-12-01
2.3141689713878195	1.8364843617299864	2.2556054685406983	1.0264939277681957	1975	1	1975-01-01
0.490842456004346	0.347437865868221	0.2729497558728191	-0.6586018923758163	1975	2	1975-02-01
-0.4474618969969305	0.0699787302104171	-0.3091646644649357	-1.0648270919101157	1975	3	1975-03-01
-1.040840187148203	-0.4517230837592977	-0.7202361612403255	-1.3297904924825463	1975	4	1975-04-01
-1.5819127337669212	-1.2231891288433585	-1.416729254422234	-1.3912775507167434	1975	5	1975-05-01
-0.7517464114059453	-0.6483335021243999	-0.5956891204289549	-0.5032864703796239	1975	6	1975-06-01
-0.0623426993360647	-0.0188857316855492	0.2614574700171008	0.996411178725041	1975	7	1975-07-01
-0.6058414882478937	-0.5760325417557988	-0.589579595667921	0.1127565600345334	1975	8	1975-08-01
0.702043628531349	0.8166524516612634	0.8526504513936642	0.6123674784695937	1975	9	1975-09-01
-0.2261506133093487	-0.3837273167270743	-0.5013892545042905	-0.3831419296952417	1975	10	1975-10-01
0.6518150204842567	0.2037446567596853	0.2411699516909786	0.1728937743882478	1975	11	1975-11-01
0.1719584044952248	0.2133445970383331	0.778183044621148	0.2874759074930608	1975	12	1975-12-01
0.9208664247431696	1.1791531307248262	1.372378798708374	1.0479268867467784	1976	1	1976-01-01
1.8123953605373904	1.3193944223499203	1.3969656688310486	1.1992484392109577	1976	2	1976-02-01
1.028571039577005	1.0128786456297858	0.6169989539908456	1.203223353358287	1976	3	1976-03-01
-0.974479832267082	-0.4553672727303566	-0.6943063278652639	-1.117200892838424	1976	4	1976-04-01
-0.152509108613821	-0.4130223975721995	-0.4154831131762962	0.0091767226111255	1976	5	1976-05-01
-0.2833932822067471	-0.0174939608206278	-0.0465503310907126	0.3737609541961085	1976	6	1976-06-01
-0.5603219250797778	-0.4762548462356637	-0.1772949866868786	0.130618503059517	1976	7	1976-07-01
-0.5082147385409338	-0.0877199068412845	-0.407813603816785	0.6355327104053378	1976	8	1976-08-01
-1.0881055894959395	-0.9760237561165896	-0.7308849837715278	-0.6435628131223465	1976	9	1976-09-01
0.2219880440767174	-0.0474318626462281	-0.6332534366205896	0.2969003844915261	1976	10	1976-10-01
0.6060499273093	0.0820442978753759	0.4594214244136987	-0.100250413172061	1976	11	1976-11-01
-0.3816024457526535	-0.2939808456483054	-0.1503227494929925	-0.4749483543715013	1976	12	1976-12-01
-0.6017384488256281	-1.321768923303544	-0.7453986347123441	-1.5415651701899955	1977	1	1977-01-01
0.3572431594953854	0.3204129415407132	0.1356747017229869	-0.8683047667623569	1977	2	1977-02-01
0.281781621807901	-0.2251395412378005	0.0778595627793757	-0.9816634473570884	1977	3	1977-03-01
-0.3074012047249259	0.1012091598068364	-0.0248579595385799	0.1225151474648103	1977	4	1977-04-01
-1.3664516431965057	-0.6881509726544611	-1.0190547970945871	-1.0602979232942131	1977	5	1977-05-01
-0.7745352484829932	-0.494994976460161	-0.218750785050196	-0.079481151318424	1977	6	1977-06-01
-0.5770640271983422	-0.2683154114481939	-0.0114975946334392	0.4684565795234022	1977	7	1977-07-01
-0.7359465464615655	-0.9665320003088947	-0.7591372043877471	-0.1900707490263672	1977	8	1977-08-01
-0.2586189261537067	-0.2120932368715491	-0.2244093237768299	-0.3933755837465791	1977	9	1977-09-01
0.6404424251816857	0.1503843041812884	0.4407273316976945	0.6204423279406627	1977	10	1977-10-01
0.7059661999657462	0.8219969917264752	1.023979363356518	1.3973229824842353	1977	11	1977-11-01
0.5828707199942871	-0.1225265927673358	0.0046254999299586	-0.6880708826736202	1977	12	1977-12-01
1.5465221065641013	1.981898574617932	1.811655474322729	1.34876786208957	1978	1	1978-01-01
-1.6764648552136874	-1.4634502000640284	-2.5304387205021186	-3.3361293261797207	1978	2	1978-02-01
1.2819756144821657	1.7622481307785829	1.237951676860644	0.8440335103228127	1978	3	1978-03-01
-1.7949222334874513	-1.0983291264211368	-1.7404360756825343	-1.972242443977748	1978	4	1978-04-01
-0.8542627893457007	-0.3784778047612404	-0.9150292957491286	-0.0596911203814326	1978	5	1978-05-01
-0.1745801631965869	0.1331782838082268	0.443146526185415	1.1127104169747195	1978	6	1978-06-01
-0.7276573528590229	-0.7627698323627997	-0.3166049786738997	0.1907735566625741	1978	7	1978-07-01
-0.6036993423298599	-0.5354774706646998	-0.3419260284546272	0.5105459064368405	1978	8	1978-08-01
-0.4673192671420539	-0.075616837628094	-0.147711593217994	0.1936803649671898	1978	9	1978-09-01
-0.0572274604815557	-0.2297374854951209	0.1187215879478302	0.4633415547012101	1978	10	1978-10-01
1.7087985254470657	1.5614270758311206	1.824550654299326	1.374459511169278	1978	11	1978-11-01
-0.3446534318548568	-0.5246045558882955	-0.9189340323547598	-1.658076866832825	1978	12	1978-12-01
-0.87460934207217	-1.2870879434685234	-1.2032443571985767	-0.8902176930718634	1979	1	1979-01-01
-0.2069050533415793	0.8396094740071959	-0.8812165149904286	-1.6039231750010583	1979	2	1979-02-01
0.8363498672621703	0.6905034508185142	0.6906479836008771	0.964828010893406	1979	3	1979-03-01
-1.3342590673854968	-1.3246246685512553	-1.623190076789617	-1.2661371601242153	1979	4	1979-04-01
-0.4921445996255535	-0.7070232179280309	-0.6407305572555474	-1.0189784460244655	1979	5	1979-05-01
-0.1055459956639458	-0.0240210307831305	0.0846358002104987	0.7463897324352093	1979	6	1979-06-01
-0.0779612072244105	0.1372407367902677	0.4854535362980415	1.047517529311057	1979	7	1979-07-01
-0.3415260832312198	-0.2757379559760713	-0.1859006417409093	0.6750766994133777	1979	8	1979-08-01
-0.0639401690869439	-0.146257531169308	0.1179725054358852	0.1971094889748847	1979	9	1979-09-01
-0.1627527223776723	-0.7401848982144913	-0.6103873453604722	-0.3371683209437999	1979	10	1979-10-01
0.8991888028172222	0.3615926334265389	0.4104398589038341	0.5117497686478424	1979	11	1979-11-01
1.6971361340036513	1.5991354173131418	1.577055393995055	1.2294650890273398	1979	12	1979-12-01
-0.4428254379352875	-0.5521022492584949	-0.7259908511028319	-0.771312456139026	1980	1	1980-01-01
0.5760313484232583	0.9219628216745532	0.2074018426351793	-0.4755749566535127	1980	2	1980-02-01
-0.3941865417322479	-0.5217668944421343	-0.9614480553089974	-0.4027753549452844	1980	3	1980-03-01
-0.911218915578378	-0.8869503552607523	-1.073016284072544	-0.1693074818928333	1980	4	1980-04-01
-1.781573644559591	-1.56196285201278	-1.7277506349948275	-1.6204555718989642	1980	5	1980-05-01
-0.2086858498110594	0.1435724837588138	0.3614074619590842	0.5154248053413748	1980	6	1980-06-01
-0.6754332571548346	-0.5717877908235051	-0.1714967686619121	0.3847910756120734	1980	7	1980-07-01
-0.7816839211692415	-0.8567963067155902	-0.6348084018130948	-0.460547554724321	1980	8	1980-08-01
0.4037242350180957	0.0996993456631086	0.3185463980229231	0.5697858604595497	1980	9	1980-09-01
-0.3361076406177156	-0.6386551543175328	-0.2555869264415562	-0.6467920699882875	1980	10	1980-10-01
-0.9290849365463104	-1.023353762778803	-0.7549035476027226	-1.221536885903626	1980	11	1980-11-01
1.300893766977084	1.737108081495177	1.7622256650835886	1.0347217123550745	1980	12	1980-12-01
0.7525893985231727	1.1945589213040193	1.3108507479505465	0.2974589306807808	1981	1	1981-01-01
1.0760226891526976	0.4742191725635001	0.5049599621333429	1.200461692767295	1981	2	1981-02-01
-0.9416326825595526	-1.420663998374947	-1.3651850237849368	-2.509621148864612	1981	3	1981-03-01
-1.0668147308243006	-0.8536005556513713	-0.6848235317707159	-1.197004475155243	1981	4	1981-04-01
-0.638945676106618	-0.3636947918550673	-0.5250382071703047	0.0970254522532197	1981	5	1981-05-01
-0.9688395312390544	-1.226513604908995	-0.6319208669917784	-0.6976685677983439	1981	6	1981-06-01
-0.0566379717084619	0.2715663072710947	0.3195751950146414	0.8178660546134191	1981	7	1981-07-01
-0.5222264371950617	-0.1122324184471375	-0.2711044336878903	0.6498569985821989	1981	8	1981-08-01
-0.3331591248493716	-0.8643096636683948	-0.6249811626067792	-0.6459523759609985	1981	9	1981-09-01
-0.1575400459417252	-0.267108758194934	0.0067501433012321	0.0276651762425113	1981	10	1981-10-01
-0.0551373369473332	-0.3340579128452011	0.0938002856057279	-0.2109301616728196	1981	11	1981-11-01
-0.4534271241919416	-0.1773592981068568	-0.3302701923454254	-0.8279784903415612	1981	12	1981-12-01
-0.0596478678525311	-0.141848186368645	-0.0660216657494543	-0.8965536666787326	1982	1	1982-01-01
1.8631018934500008	1.898867128849268	1.0826920692248556	0.5970730852624343	1982	2	1982-02-01
1.3257430733804731	1.1623205482174752	1.0150651007063671	1.16781664127091	1982	3	1982-03-01
-0.6382916896697739	-0.3020022288603322	-0.2417587062447091	-0.3398121413470176	1982	4	1982-04-01
-0.649752834435817	-0.7616655848451838	-0.684469723652356	-0.8678075718313512	1982	5	1982-05-01
-1.043235360921916	-1.1772160883966063	-0.693533300160186	-0.951478279785988	1982	6	1982-06-01
-0.2115316271045011	0.0445827673452672	0.1773396710949242	0.5191555854667557	1982	7	1982-07-01
0.1581343552186849	0.2183018956847057	0.3190027497643462	0.7116157028102607	1982	8	1982-08-01
0.4813640689349636	0.3800968980387064	0.4044441392850195	0.465405006218741	1982	9	1982-09-01
0.2476434019328994	0.046157092190572	-0.2341661309148852	0.2979485995306878	1982	10	1982-10-01
1.850929629526876	1.5004619929980445	1.911149554777481	1.6039188766553627	1982	11	1982-11-01
2.3933459481054054	2.58829489746665	2.607707475626382	1.9602202611596011	1982	12	1982-12-01
2.7560057428197973	2.6932614490184448	3.071667896572168	1.8454281716981027	1983	1	1983-01-01
-0.8184990955576733	-0.376284514990892	-0.8227710110579154	-1.0951716864563257	1983	2	1983-02-01
0.2391121472119413	0.5664854991577641	0.3164001905231525	-0.1119041924582235	1983	3	1983-03-01
-0.9886965596633546	-1.4218089607940163	-1.088677644414304	-0.7831611667693716	1983	4	1983-04-01
-0.7716767147168327	-0.7137761973191095	-0.7708646778532828	-0.3866037273680153	1983	5	1983-05-01
-0.5174291848860809	-0.3408992027202135	-0.196611615422608	0.2486498990384928	1983	6	1983-06-01
-0.2468566396465247	-0.0258638896521247	0.2423927655303768	0.5104634921247002	1983	7	1983-07-01
0.0013753181382497	0.4597344220576699	0.4685624009820596	0.4750241852034725	1983	8	1983-08-01
-0.0537465301332398	-0.456224988430009	-0.009879788051705	-0.4358597962107601	1983	9	1983-09-01
0.8884139850967947	0.8222783976083428	1.2839956347193324	0.9104888613141212	1983	10	1983-10-01
-0.8681109600479711	-1.1277625153745434	-0.653092803425601	-1.6660966957379395	1983	11	1983-11-01
1.2718011077051163	1.2994847974333967	1.4315156480549671	0.8299132354218444	1983	12	1983-12-01
2.813082415528026	3.1909210269634163	3.0404827527979528	2.6509319979971244	1984	1	1984-01-01
1.277678431673564	0.857412089041672	0.254517302754459	0.0647640991556219	1984	2	1984-02-01
-1.3777788405907097	-1.16667991572197	-1.790757304604766	-1.382272540045071	1984	3	1984-03-01
-0.8835606899583129	-1.1404364160541791	-1.5819168962385288	-1.2517004557449698	1984	4	1984-04-01
-0.7246263097923442	-0.4726640078606431	-0.5364931920373098	0.0360643227341992	1984	5	1984-05-01
-0.5933037518722304	-0.4169028898579437	0.0264027432265877	0.0530276072906908	1984	6	1984-06-01
-0.388547651983082	-0.4832165262293587	0.0738983960623346	0.356108983277167	1984	7	1984-07-01
-0.2492468658467208	-0.0334370126267053	0.1468138677153163	1.041820615178063	1984	8	1984-08-01
-0.3625582176579776	-0.0477528563545663	-0.1650172401774955	0.7523970338671917	1984	9	1984-09-01
0.678863796864567	0.5411378114294576	0.6345290337267138	0.8306665571084355	1984	10	1984-10-01
0.6542262501343397	0.2011114358191921	-0.0887044490443278	-0.104457117646176	1984	11	1984-11-01
1.7475945632170002	1.1531892723976425	1.0745315529156494	1.6022295361054653	1984	12	1984-12-01
-1.2322678658909532	-0.9938287299376416	-1.0896443460028928	-2.162193311397802	1985	1	1985-01-01
0.10141917527541	-0.1679903732864855	-0.8191568305856799	-1.2291518909075425	1985	2	1985-02-01
0.0405193304043457	0.2041249693674029	-0.1355867965436459	-0.4943686144496432	1985	3	1985-03-01
-0.4822194521294913	-0.1657022966508341	-0.1255128667282744	-0.6774109110721941	1985	4	1985-04-01
-1.3663019932369798	-1.1565545375217197	-1.3021090015116856	-0.7819103296755987	1985	5	1985-05-01
-0.9747854935709356	-1.063212228339825	-0.4472259804263632	-0.0764699425159401	1985	6	1985-06-01
-0.0934233973764738	-0.286136598760049	0.1664451687851478	0.9678625643374824	1985	7	1985-07-01
0.0255239718781769	0.0793789809249163	0.0451040738457957	0.2999924029029785	1985	8	1985-08-01
-0.4751874219225283	-0.4719081339986825	-0.254608610297768	-0.3112581418618897	1985	9	1985-09-01
0.1543035316983884	-0.0313335020702838	0.1099062240348287	-0.1587194091848577	1985	10	1985-10-01
-0.6840808446178234	-0.3644333793920045	-0.8615686699327983	-0.5446996812307211	1985	11	1985-11-01
0.4903104479564751	0.0892946169969219	0.8006337028908189	-0.3553282655180278	1985	12	1985-12-01
1.872151842956895	2.510070714010047	2.399820440605395	2.478675021806577	1986	1	1986-01-01
-1.8975416873084328	-1.1875579328974986	-2.0735838304690963	-2.3945804463149245	1986	2	1986-02-01
2.49612177312494	2.606843404003016	2.279045076833272	2.057564367221732	1986	3	1986-03-01
-1.043108022236957	-0.8990566936470882	-0.9528341788194288	-0.4812515004931719	1986	4	1986-04-01
-0.0794728120993675	-0.2870589687276509	-0.3168275291424134	-0.1755522967480891	1986	5	1986-05-01
-0.2955677203559659	0.0087136882881852	0.003102419488334	0.3496683533403939	1986	6	1986-06-01
-0.0690033029881362	-0.0604658965848011	0.274399065355454	0.3329937473560621	1986	7	1986-07-01
-1.0134982915249182	-0.9119332542935394	-0.6755055427710285	0.3958760943436688	1986	8	1986-08-01
-0.7145864413322564	-0.7883531017976729	-0.4607307460736327	-0.5205343584193556	1986	9	1986-09-01
1.6423260598737877	1.579776803018259	1.4436523665838388	1.1690212086139464	1986	10	1986-10-01
1.9696297671488032	1.594831307762126	1.731887725156691	0.9220608257770432	1986	11	1986-11-01
1.8844041999255376	1.919196783588229	1.6262727322937145	2.1482324372974584	1986	12	1986-12-01
-0.8035660872378134	-0.7381129841655412	-0.9589017653965828	-0.7576146220397785	1987	1	1987-01-01
-0.5581023032662819	0.1096419463629727	-0.6925983442632581	-2.1961532352658515	1987	2	1987-02-01
-0.6698917528379454	-0.6263626842919138	-1.5308073882214834	-0.9208549832809872	1987	3	1987-03-01
0.083259282997312	-0.2246030230269712	-0.2429277246404013	0.3907660778167541	1987	4	1987-04-01
-1.2848961376044772	-0.7806518922629127	-0.9403127951933652	0.2662735844514539	1987	5	1987-05-01
-0.7192568264247147	-0.8025898062070379	-0.2591250367693027	-0.0472689622218881	1987	6	1987-06-01
-0.6304334363517596	-0.3719433219231407	-0.1839166394248482	0.1609328862448228	1987	7	1987-07-01
-1.2444922208234346	-1.2605524290436572	-0.797275530184673	-0.3230092226552725	1987	8	1987-08-01
-0.1322601702694536	-0.542690535994712	-0.2262875657457334	0.0859064425263453	1987	9	1987-09-01
0.8104360582876498	0.0518107575360186	0.0219561666261005	0.2112635359424135	1987	10	1987-10-01
0.005374112478835	0.0406034277925343	-0.2281780808296147	0.6568173716723827	1987	11	1987-11-01
-0.011350377958162	-0.4371726988412082	-0.1119190092883873	-2.054001992889373	1987	12	1987-12-01
2.2063559947862466	2.169857241892859	1.9026334997630667	1.2172439880359716	1988	1	1988-01-01
0.6196837924713796	0.4159354121343317	0.5186546689477893	1.4089956727359858	1988	2	1988-02-01
0.0836226173342369	0.2940413491540128	-0.0572392350909123	-0.3570585159285072	1988	3	1988-03-01
-1.7097185091967644	-1.9091420320152208	-1.6368143900783263	-2.56864781353618	1988	4	1988-04-01
-0.8788702724596131	-0.728838704978513	-0.8500469024142596	-0.1312318287568357	1988	5	1988-05-01
-0.7730304481669156	0.0254008922184859	-0.1741860993990849	0.3354209570673626	1988	6	1988-06-01
0.1040475509379569	0.0828270481724616	0.2657563110257253	0.7337460909947193	1988	7	1988-07-01
-0.1570863240709793	-0.1600919618474576	-0.0007780417068866	0.9529371190114192	1988	8	1988-08-01
-0.152438167339673	-0.2665220268042204	-0.0124600906847537	-0.0086492167057448	1988	9	1988-09-01
-0.1170009610982843	-0.61906430991459	-0.1040947255232391	-0.1207575657525936	1988	10	1988-10-01
-0.3757297970753212	-0.6889123553867728	-0.0802116705607798	-0.9194289901231548	1988	11	1988-11-01
1.1991704699182086	1.1489797419148815	1.378660802638742	0.8379312850297174	1988	12	1988-12-01
2.883667860128702	2.3374192777293423	3.024437290649254	1.6094095569799078	1989	1	1989-01-01
3.186638859096094	3.0966432342170216	3.4148966280270074	2.321558906667441	1989	2	1989-02-01
1.7457110705734662	2.25799824644481	1.572257870196789	1.4983700674690257	1989	3	1989-03-01
-0.5268818437853099	-0.1721077745296565	-0.5662553339123625	-0.4874331067639553	1989	4	1989-04-01
-0.4256006087262796	-0.6414779510484079	-0.3712107695948188	-0.0697890678037352	1989	5	1989-05-01
-0.5349316552293798	-0.3310680914015578	-0.4441019380898348	0.07327267867673	1989	6	1989-06-01
-0.1498421466050317	0.4286688760370849	0.3330488988780898	0.816451246454145	1989	7	1989-07-01
-0.0538390733533148	0.1501552124162814	0.0689553091541349	0.7691909418582296	1989	8	1989-08-01
-0.003070539546548	0.0727673115250266	-0.0973091386984602	0.6973348342995657	1989	9	1989-09-01
0.4199775462993134	0.0936096889493304	0.4509323886571323	0.6232135703048627	1989	10	1989-10-01
-0.221951357340114	-0.7588409689889898	-0.0094916590806973	-0.1043130549069687	1989	11	1989-11-01
0.0070895331058199	0.2859029077166216	0.1431942892693226	-1.3810067482408814	1989	12	1989-12-01
3.170863703412295	2.2618969900605355	2.8796957888371457	2.123906792373312	1990	1	1990-01-01
3.495900102717777	3.3679830196049028	3.2188587194103158	1.9495408996939323	1990	2	1990-02-01
1.809903300312584	1.5221380057638512	2.0108584441334	1.4489482975805574	1990	3	1990-03-01
0.3569080289130802	0.5134101533612713	0.4282679944929993	0.8450794254915084	1990	4	1990-04-01
-1.4482698267402123	-1.268047684343521	-1.083958427451422	-1.3113499905655837	1990	5	1990-05-01
-0.2061624383733801	-0.1439699306165008	0.2761855842009185	0.8496760967770792	1990	6	1990-06-01
-0.3280081380261728	-0.123745210571569	-0.0458602808156239	0.6456720838702055	1990	7	1990-07-01
-0.0618321105869981	-0.131335084041099	0.0336391904383653	0.8495237633457896	1990	8	1990-08-01
-0.3235905753817261	-0.3942348375771727	-0.1640983177253473	0.8542552875439521	1990	9	1990-09-01
0.3675219896066203	-0.0922571760771748	0.1240925217534038	0.0653201324569785	1990	10	1990-10-01
-0.4189034233442271	-0.4561672803782864	-0.1151676914408563	-0.5829041558247836	1990	11	1990-11-01
1.729206268398661	1.6215789976313666	1.5262799244453051	1.5531182974980349	1990	12	1990-12-01
2.0708622596248416	1.94760923574552	1.8732902508276128	1.2074903901959728	1991	1	1991-01-01
0.7195920673598691	0.8201319828422443	0.6969732041390906	0.9928751493118166	1991	2	1991-02-01
-0.456397147737583	-0.5984893949259197	-0.7596872279307487	-1.177490472628822	1991	3	1991-03-01
-0.2652684354156212	-0.1766853007101828	-0.6780754024007632	-0.6726872539519153	1991	4	1991-04-01
-1.1384893403599612	-0.5260242920544839	-0.6990115283910622	-0.1961159947531565	1991	5	1991-05-01
-0.4825132360554208	0.2076917687171086	0.0239487465853117	-0.1582842925581191	1991	6	1991-06-01
-0.4044721509218069	-0.2876861996702591	-0.1988069689867043	-0.1284432674631769	1991	7	1991-07-01
0.1688565996750721	0.4468613554775508	0.2036310573088933	0.8282431285093317	1991	8	1991-08-01
-0.0189708752179692	-0.0220536235132224	0.3076674585656563	0.2142653246453755	1991	9	1991-09-01
-0.3558728996492139	-0.822903546431652	-0.6926733151345728	0.0288563757262175	1991	10	1991-10-01
1.2426760759346018	0.6829882555158169	1.006663363305848	0.6896598994062432	1991	11	1991-11-01
1.1054612424312873	1.0250428386552213	1.176935273048244	0.822709818097605	1991	12	1991-12-01
0.6289325512763791	0.5013221274115983	1.0588046953874497	0.2621682487030233	1992	1	1992-01-01
1.7863149571903048	1.922728103025312	1.9112830169127144	1.0695698049110205	1992	2	1992-02-01
0.890438848864176	1.3464496518496636	1.2878889451046358	0.4557452542745355	1992	3	1992-03-01
-0.285845628687975	-0.001592472672022	-0.3377188551894381	-0.1120662856768923	1992	4	1992-04-01
-0.4398802512093266	-0.2225078709308518	-0.4389047023034935	-0.2256886134503626	1992	5	1992-05-01
-0.8686739912192075	-0.5657634784025662	-0.8146619421292407	-0.5229321881922007	1992	6	1992-06-01
-0.1176885971566301	-0.0765820962128703	0.1399173360994866	-0.0766180472239734	1992	7	1992-07-01
0.5637616084008492	0.5855111915483778	0.5805612124886347	0.8577564661230501	1992	8	1992-08-01
-0.0203739878772505	-0.6065083622955814	-0.3353842457743343	0.7293250934330127	1992	9	1992-09-01
-1.1249727695416831	-0.8324202591694131	-0.6865164703186544	0.0576163802952299	1992	10	1992-10-01
1.7537916706572625	1.5554194462208986	1.2075208243494655	1.709771175091558	1992	11	1992-11-01
1.5437889402571088	1.3538302353117346	1.4205442037865812	0.6237012062633367	1992	12	1992-12-01
3.313468051751546	3.3330581925263654	3.559540579906599	2.3658036440271006	1993	1	1993-01-01
0.3549072866339584	0.7315264957599354	0.8011524093325695	0.2562901894860356	1993	2	1993-02-01
0.8181414692295553	0.8405587096647592	0.5023580252666516	0.2254691254015811	1993	3	1993-03-01
-0.4082966018958803	-0.1238634529963648	-0.5312339281977605	-0.1098744513609794	1993	4	1993-04-01
-1.828764696209805	-2.2034662749326728	-1.978643532303551	-1.9260163472475824	1993	5	1993-05-01
-0.953392701422359	-0.720954354598917	-0.461666062598777	-0.4165852607878061	1993	6	1993-06-01
-0.6394141175158433	-0.9876315243997194	-0.258991137594306	-0.231423515241673	1993	7	1993-07-01
-0.42203830702144	-0.4881008142003896	-0.2964345964334353	0.4479045783076349	1993	8	1993-08-01
-0.5411556176118417	-0.462424720626234	-0.2681567062824098	0.5596240545068222	1993	9	1993-09-01
-1.1354382783307695	-1.4109300791904438	-0.8567143018823324	-0.5611478815636016	1993	10	1993-10-01
1.450007648757112	1.1132893229522054	0.2935490470883067	1.7236791714713795	1993	11	1993-11-01
1.8282421647292568	1.7213429331626309	2.075235888227424	1.3673126006773173	1993	12	1993-12-01
1.9616940007305892	2.6843922631897112	2.2559203162601187	1.450414001072267	1994	1	1994-01-01
0.7181798702604136	1.1031259442916974	0.0244484948507119	-0.1328878762232746	1994	2	1994-02-01
2.001254541453425	1.587261965416751	2.008059646507364	1.126412555757255	1994	3	1994-03-01
0.0663520410863563	-0.0012230867999923	-0.0931672771625181	0.1564871309484818	1994	4	1994-04-01
-0.9544428220176578	-0.6879954592390037	-0.6705017873902419	-0.6060076937743312	1994	5	1994-05-01
0.351345723396259	0.49876986678245	0.9447586620914932	1.092384000586047	1994	6	1994-06-01
0.1365141662770914	0.2902492071745344	0.1430511520117222	0.8601689195742669	1994	7	1994-07-01
-0.2997355652408385	-0.0964627426587456	-0.0261718881295758	0.4048374555690234	1994	8	1994-08-01
-0.5014613189799475	-0.5201793212219357	-0.4107338605974889	-0.2289364125020601	1994	9	1994-09-01
-0.5503926062761013	-0.8184711921502733	-0.5645839087661847	-1.1590766876157392	1994	10	1994-10-01
0.7127096867997873	0.3629368225094775	0.4941077391654129	0.0800102891146721	1994	11	1994-11-01
2.1879859571766795	2.166913284000564	1.8795597990022608	0.967308744348468	1994	12	1994-12-01
2.139029763341043	2.0497315987649696	1.8835113741108371	0.7064110531730826	1995	1	1995-01-01
2.315746607637112	2.474090615389449	2.9087250408051437	1.010682618311508	1995	2	1995-02-01
0.7013390774173158	1.0456672531457942	0.5023576260652984	0.1636994206493239	1995	3	1995-03-01
-1.8964809539836365	-1.7298798953561472	-1.691413276101606	-2.249607093687069	1995	4	1995-04-01
-1.526484444460945	-1.6355046999321845	-1.5533821641309078	-1.4161780053416202	1995	5	1995-05-01
-1.2096149799266	-0.6100136190462941	-0.8079679293396654	0.0357983582593664	1995	6	1995-06-01
-0.4899578743033755	-0.6180192280833643	-0.2756019229227774	-0.1241801214342759	1995	7	1995-07-01
-0.9749240280680416	-0.5641340107159784	-0.664704974743843	-0.0746144773766401	1995	8	1995-08-01
-0.5208605981363129	-0.0667280179135392	-0.2391945191008901	0.8681251261470764	1995	9	1995-09-01
0.1141100593874091	-1.1378312363520204	-0.2801847910715613	-0.4228722150090157	1995	10	1995-10-01
-0.6926394130247725	-1.0140532767211	-0.359570138036544	-0.1316775101615066	1995	11	1995-11-01
-0.9693997826849126	-0.8943122328689844	-1.3731540694714752	-2.620420277021048	1995	12	1995-12-01
0.3018323828969952	0.0254289489223037	-0.6035304477040246	-0.2362565357648615	1996	1	1996-01-01
0.3825482670766369	0.4210961590923741	0.4377806712986531	0.5749083757262274	1996	2	1996-02-01
-1.0467387356377125	-0.9227553183551228	-1.6888842516477178	-1.2645614100115448	1996	3	1996-03-01
-1.0548857843203994	-1.5319405762506135	-1.5346956103202134	-1.5070885306339246	1996	4	1996-04-01
-1.281220923898725	-0.917815200161298	-1.0797283622540326	-0.727353745244386	1996	5	1996-05-01
-0.1646162519595931	-0.1345077867978285	0.0441648753017866	0.1360425894902488	1996	6	1996-06-01
0.139972068393666	0.3465816332071376	0.6459377819541635	0.8990908166119074	1996	7	1996-07-01
-0.1510182919952994	-0.0245813234513734	-0.3950026798165972	0.6599273978892907	1996	8	1996-08-01
-0.9048318748273556	-0.5252050941621087	-1.060416078996469	-0.3329826589607438	1996	9	1996-09-01
0.4724320618846496	-0.0152337576889023	0.0347174512941984	-0.3609218711366674	1996	10	1996-10-01
0.7412955428265556	0.9857620495732208	1.136701732520109	0.3668847631038507	1996	11	1996-11-01
-0.7674455631262443	-0.9765751663347344	-0.8070226226782025	-0.735136176883007	1996	12	1996-12-01
0.0218626545170092	-0.0967624700402898	0.2144744838566371	-0.7058554530382862	1997	1	1997-01-01
3.459508679658149	3.3977471175767886	3.4167122655804425	2.6979693229543598	1997	2	1997-02-01
0.7273007598221404	0.7074393993976416	0.7298392308252863	0.1828385842754007	1997	3	1997-03-01
-1.5214201818805724	-1.2007748587913325	-1.2165241588010527	-2.298290139388764	1997	4	1997-04-01
-1.208134256390568	-1.2588705929307868	-0.912150934905536	-1.085256551734166	1997	5	1997-05-01
-1.3621647160769812	-1.1935216024295097	-1.0914746082856577	-0.6441578550456475	1997	6	1997-06-01
-0.4432296442711738	-0.1202694415367395	-0.2609342234554105	0.441885396878694	1997	7	1997-07-01
0.0212835629923286	0.0302230719383293	-0.1254239188195802	0.516277216657134	1997	8	1997-08-01
-0.3095662387785429	-0.6894634806692663	-0.1215554852605063	-0.2228935364833646	1997	9	1997-09-01
-1.1865677865876616	-1.3932267494686077	-1.0039813489126077	-1.0729696843024263	1997	10	1997-10-01
0.0945654591521373	-0.2072712083014862	-0.452788446571624	-0.3348742915465711	1997	11	1997-11-01
0.548020676385765	0.531929899591574	0.2243517513500237	-0.2065496342986486	1997	12	1997-12-01
0.6633546869427915	0.8000801839615762	0.4381322865647943	-0.0527653175926063	1998	1	1998-01-01
0.7869048763362904	0.3021993707170771	0.518614761057908	0.1062484001517271	1998	2	1998-02-01
0.4957988007726702	0.4062654798847516	0.1667240244003534	0.0405479873727545	1998	3	1998-03-01
-0.697538729183594	-0.2262091199824993	-0.4316801995911196	-0.3148585597523751	1998	4	1998-04-01
-1.1603611460034304	-0.9602970414838096	-0.7334991682214538	-0.4343601007104081	1998	5	1998-05-01
-0.8817933848958048	-1.2743844547962533	-0.5300440308059551	-0.7563988836319306	1998	6	1998-06-01
-0.2783839295980385	-0.2829085448157152	0.3010193319205219	0.6385934888498089	1998	7	1998-07-01
-0.1724070777876856	0.0907440890819762	0.0469728585693281	1.0490540576154572	1998	8	1998-08-01
-1.2570939177702571	-1.5727120659242146	-1.2912365043805514	-1.031327400542955	1998	9	1998-09-01
0.475437838870266	0.697764003249482	0.593426653495097	0.6247592201465921	1998	10	1998-10-01
0.3494238517212839	-0.2697870782353205	-0.4385023762200535	-0.0830851626377592	1998	11	1998-11-01
2.0752312113097786	1.822767994447787	2.0593918504075264	1.3290227084153294	1998	12	1998-12-01
1.994708460142105	1.9072653215396669	1.7622605685681625	1.6625857259612675	1999	1	1999-01-01
1.15407163105144	1.4304808190671	1.4232479373044784	0.9429966122030622	1999	2	1999-02-01
-0.2874575224341551	-0.4850836264726085	-0.7287742947835693	-0.7705292617660249	1999	3	1999-03-01
-0.7568138545223958	-0.3426102357086255	-0.563572513769652	-1.531541891436664	1999	4	1999-04-01
-0.4762724533799261	-0.6713430806795074	-0.7090134543134585	0.059215505534842	1999	5	1999-05-01
0.0966494261464649	0.3011302907814154	0.1911499470991035	0.9278261727628626	1999	6	1999-06-01
-0.3333804558320298	-0.4213368332563447	-0.1166478325236486	-0.1153321105212455	1999	7	1999-07-01
-0.932088935520654	-0.6378920056707771	-0.5203477893400156	0.1172881199347258	1999	8	1999-08-01
-0.0145327922193343	-0.3277110644931307	-0.4463042248079239	0.1298621080106191	1999	9	1999-09-01
0.1959526455183615	0.0040018231461294	0.1101591517976653	-0.0770408059684619	1999	10	1999-10-01
0.5990016364435891	0.2107640287731814	0.3868822639573211	0.5287946491748584	1999	11	1999-11-01
1.5847637712366838	1.3840569290593538	1.976694987027692	1.3679017731153424	1999	12	1999-12-01
1.1698064674298465	1.4450725635964656	1.9090090031404408	0.8641780127802332	2000	1	2000-01-01
2.8075668485406964	2.679727851821439	3.05395345897762	2.273831534434485	2000	2	2000-02-01
-0.3320786311193545	-0.5754595330720138	-0.0171351327024493	-0.7148753031502882	2000	3	2000-03-01
-0.9252364638176852	-0.3355073543769145	-0.6098995112043543	-0.6098000378376052	2000	4	2000-04-01
-0.3156319049143059	-0.7664680190427912	-0.2484558374274931	-0.4941090692815122	2000	5	2000-05-01
-0.278202641323872	-0.4163334469893477	0.085548310031707	-0.1607211860967671	2000	6	2000-06-01
-0.9621890884508764	-0.5294062434171789	-0.4024055275703364	0.2605418693080341	2000	7	2000-07-01
-0.2020633545025163	-0.1336112133592344	0.0425585463651067	0.4469749474338789	2000	8	2000-08-01
-0.0570306341334231	-0.085880248887899	-0.1958517317894481	0.827009130137435	2000	9	2000-09-01
1.2682345258922538	1.07684150280382	0.7167498130626534	1.2898915307232752	2000	10	2000-10-01
0.2743811647483428	-0.3180700965017462	-0.0910744244542849	-0.1981121347889144	2000	11	2000-11-01
0.394262223035477	0.7126921802276546	0.255477835580051	-1.015650091929131	2000	12	2000-12-01
1.202836700086786	1.2736874424553992	1.058447480281467	0.327640370763498	2001	1	2001-01-01
0.260313929707326	0.4974047788710478	0.1869953652447045	0.0451164224271406	2001	2	2001-02-01
-0.8390913615008668	-0.8214717444421806	-1.2189375657875596	-2.235413640859142	2001	3	2001-03-01
-0.1611941017197691	0.2456371806773082	0.0230096787521935	-0.0740975710918521	2001	4	2001-04-01
-1.0606002450199448	-1.041071859376575	-0.9292689023082265	-0.7819108148233278	2001	5	2001-05-01
-0.8308231770070829	-0.5861359699553407	-0.400261966922483	-0.2085545058112727	2001	6	2001-06-01
-0.2576285093448502	-0.0445302939098076	0.0355057051021781	0.0059692094203829	2001	7	2001-07-01
0.1249726862282995	0.0548591617838331	0.1772001419256895	0.7934621248329979	2001	8	2001-08-01
-1.0057801268615685	-0.7676019153164273	-1.0686510962582192	0.0674755541346441	2001	9	2001-09-01
0.8567132465345697	0.0269292372930266	0.711635131442658	0.5693090125989678	2001	10	2001-10-01
0.3530137559021641	0.5071923713497967	0.6065883971139437	1.0229145838252578	2001	11	2001-11-01
-0.8915880338053898	-1.6007978578956383	-1.3398147369256488	-1.3421078055732532	2001	12	2001-12-01
2.055213726981936	1.6079966300930877	2.178568614809785	0.6666717936819074	2002	1	2002-01-01
1.8547756379887783	1.908386366528852	2.2559853487321	0.6975014988005445	2002	2	2002-02-01
0.620825921945437	0.7673782401387573	0.624375216587595	0.1650698900218254	2002	3	2002-03-01
0.0849676016682549	0.0427184310121615	-0.4779194682425486	-0.3567572822566898	2002	4	2002-04-01
-0.2579556893060422	-0.1782400339637294	-0.3050898235400455	-0.0549396899259266	2002	5	2002-05-01
0.0596114874550514	0.3191093455578195	0.3563544676629208	0.5333987931710554	2002	6	2002-06-01
0.0444820967114839	0.37319587191941	0.394098621615091	0.8551675493689843	2002	7	2002-07-01
-0.5197308465845876	-0.3579538036538486	-0.5660010049956351	0.2453658045186915	2002	8	2002-08-01
-1.23817238433391	-1.1280609253921514	-1.0576975190056137	-0.2737167624549119	2002	9	2002-09-01
-0.9631841682326412	-0.8962184884201184	-1.0469665464075943	-0.6078151131168607	2002	10	2002-10-01
0.627364348772848	0.2691460615172563	0.2475010974303817	0.5092804296197753	2002	11	2002-11-01
-0.0580205398617402	-0.4911091490118242	-0.7460789365761052	-0.6708038141980822	2002	12	2002-12-01
0.8212026550116964	1.2546514793361034	1.4510405602191916	0.2909413290800332	2003	1	2003-01-01
1.3955280433621662	1.442536828548482	0.7411833365980277	0.2264443354189147	2003	2	2003-02-01
0.3809200648995756	0.2207188137334366	0.0826030189790252	-0.0976764955052841	2003	3	2003-03-01
-0.9608939299517338	-0.6272854576666043	-1.179089224563949	-0.7729446210367993	2003	4	2003-04-01
-0.2739883536090089	-0.0458585323979931	-0.0796197479580797	0.1640475598729663	2003	5	2003-05-01
-0.5917176732740015	-0.5285186283554517	-0.3578824564561189	-0.0742303456383279	2003	6	2003-06-01
-0.1436190310524155	-0.2746626569936959	-0.0949192427736144	0.2377753050063693	2003	7	2003-07-01
-0.8038284284709862	-0.5865712994490518	-0.5035892758159274	0.2207063071903893	2003	8	2003-08-01
-0.1061766110852329	-0.355402754172865	-0.2910665986864647	0.3249566795771976	2003	9	2003-09-01
-0.9025842831801176	-0.9820824019102878	-0.3896521727524136	-0.009775690713968	2003	10	2003-10-01
0.8802360558567949	0.0247638446728303	0.2895169551178979	0.6221483100288078	2003	11	2003-11-01
0.2944318209450892	0.2055078846382694	0.656938989683565	0.0214634658931811	2003	12	2003-12-01
0.46435032877591	0.8535710407757187	-0.0414721551486975	-1.3140875563305006	2004	1	2004-01-01
-0.1947420591507263	0.2197596492013133	0.0073022472894332	-0.7612482991504955	2004	2	2004-02-01
0.8825072750134262	0.6705695960727779	0.5005452136546978	0.6042395946248398	2004	3	2004-03-01
-0.197097242802812	-0.2993230678134907	-0.4831752378457131	0.0372902734764102	2004	4	2004-04-01
-0.7144091526298868	-0.5809567406291327	-0.4793433769165643	-0.2000184121226276	2004	5	2004-05-01
-0.5782289891259345	-0.5684341884983068	-0.2277099672509592	-0.4767332542458125	2004	6	2004-06-01
-0.1376832714788382	-0.0772549827381309	0.05491335395062	1.0802570600553625	2004	7	2004-07-01
-0.5295466871875247	-0.4728153183036007	-0.4128278024151808	0.1829264829525004	2004	8	2004-08-01
0.1156017903358002	0.3362870568530346	0.1777588247093326	0.6583179906001356	2004	9	2004-09-01
-0.6397553890683296	-1.2200032375825514	-0.6966352967244375	-0.2171272657323566	2004	10	2004-10-01
-0.3564545997824924	-0.4839972183298158	-0.1971025485935255	-0.1989472144237253	2004	11	2004-11-01
1.933745296465969	1.9454509587306448	2.221256752618042	1.3403185963751427	2004	12	2004-12-01
1.706623725962764	2.2591078346177538	1.8557256478280912	1.3769851556236476	2005	1	2005-01-01
-0.7485070146191216	-0.3417420430280753	-0.79172006873739	-0.3986720675420785	2005	2	2005-02-01
-1.7209838110390565	-2.0145236342247754	-1.897619757306821	-2.2465613501776174	2005	3	2005-03-01
-0.5826627308288228	-0.7639729704026957	-0.8364725551139437	-0.5991918643065127	2005	4	2005-04-01
-1.243724807772252	-1.2128161264573838	-1.009174343490707	-1.0326013790567348	2005	5	2005-05-01
-0.940844049364336	-0.7960348268833457	-0.7102381030402424	-0.1442300430963187	2005	6	2005-06-01
-0.4830363099640036	-0.16094948952391	-0.0374867975643779	0.7006011882885091	2005	7	2005-07-01
-0.2713502942724058	-0.196283016765469	-0.188852339301811	0.4543405797492892	2005	8	2005-08-01
0.0027543951384121	-0.0882081503615552	-0.0606608695765275	-0.5253324825492882	2005	9	2005-09-01
-0.1976217958654536	-0.4919386238122088	-0.7412058703505997	-0.9537295383651928	2005	10	2005-10-01
0.4291975636630767	-0.2441926674731978	0.4783188569515011	0.5463320289602125	2005	11	2005-11-01
-0.0393917547777796	-0.2407191682083003	-0.2563334177571101	0.2398079907687679	2005	12	2005-12-01
1.497140439039172	0.9445677970980044	0.7781630175097016	0.5322249206054895	2006	1	2006-01-01
-0.3568948972147936	-0.2867178855110868	-0.4053955019284737	-1.1455632780555738	2006	2	2006-02-01
-1.2038226587784242	-1.0451234242808	-1.518717495643981	-2.701668552850593	2006	3	2006-03-01
-0.066049964516629	-0.2576428249380812	-0.2494759213292464	0.3275728542867534	2006	4	2006-04-01
-0.9667693014530814	-1.3140530718525787	-0.9274946280152502	-0.9478168736746928	2006	5	2006-05-01
0.0035503479236277	0.1530495126502229	0.238724668200895	0.6910731165849748	2006	6	2006-06-01
0.0521893304354051	-0.0085158723663801	0.1483891026320536	0.4894888833244852	2006	7	2006-07-01
-1.1035146821410748	-0.6830693832233328	-0.8161468116663438	0.2167394331527449	2006	8	2006-08-01
-0.2278102449542895	-0.2823007886069189	-0.2181674301840848	-0.0425923440796157	2006	9	2006-09-01
-0.9046016434710534	-1.7689640424495994	-1.081101277853351	-1.426784247148726	2006	10	2006-10-01
1.279809914526279	0.7000832737133037	0.9141846022175688	0.7551565938402964	2006	11	2006-11-01
2.6722972359678323	2.4569883141680644	2.815183660819085	1.6522894251510176	2006	12	2006-12-01
1.8773720699848668	2.002326964709397	2.657672889402592	1.1877004158806617	2007	1	2007-01-01
0.2193481576123352	0.4060695526384021	-0.1624835207299623	-1.0990106203242775	2007	2	2007-02-01
1.2777195923062523	1.9262687192604235	1.2212367148571932	0.8588841905414877	2007	3	2007-03-01
-0.8856601013894735	-0.752422327941332	-0.7396805094283858	-1.520764357013472	2007	4	2007-04-01
-0.1471259057648	0.6382160667578339	0.0821933165791085	0.268333146595798	2007	5	2007-05-01
-1.1209388002453913	-0.9089751230840316	-0.6770455287287079	-0.618667309622162	2007	6	2007-06-01
-0.37749478887857	-0.2687068850540195	0.1995264833222936	0.4989464321131762	2007	7	2007-07-01
-0.7154804042654367	-0.5892037159097806	-0.4469207153762359	0.0561147913675833	2007	8	2007-08-01
-0.3481017741985301	-0.4026287600090625	-0.2901717995986053	0.0180043992812239	2007	9	2007-09-01
0.0200118930288162	-0.2190211789736659	-0.5240574655721597	-0.4937926469812259	2007	10	2007-10-01
-0.2995804700397202	-0.471737058633834	0.0774485345656396	0.2409130027154823	2007	11	2007-11-01
1.702197167587993	1.681518213594972	1.3702620956785567	0.811771188027567	2007	12	2007-12-01
2.1863049430312333	1.424498632837327	1.884740519975565	0.9826377578495794	2008	1	2008-01-01
1.643968271354018	1.0053941142092773	1.5971241154474731	0.7453067488554744	2008	2	2008-02-01
0.3117801302700873	0.8952824390988093	0.6489194336988128	0.4812427661491805	2008	3	2008-03-01
-1.3471343832905904	-1.333771379987564	-1.6203350438158988	-1.2538739678172082	2008	4	2008-04-01
-1.841039064313957	-2.163017463555039	-1.8136450314149104	-1.915414364944647	2008	5	2008-05-01
-0.9217341968025992	-1.229820749334541	-0.6207469814107746	-0.7778006774635304	2008	6	2008-06-01
-0.4916895894391663	-0.6361162341695857	-0.2731157509891819	0.1562661163058865	2008	7	2008-07-01
-0.4488483878113723	-0.3388175209398295	-0.2124755299187176	0.2870785742474657	2008	8	2008-08-01
-0.3489007262370838	-0.0983903315823756	-0.665172411670082	0.8837275472054342	2008	9	2008-09-01
1.0159852737612565	0.8850660232714789	1.1417616203868794	0.9628724137540076	2008	10	2008-10-01
0.2053398422757368	-0.1246638511091252	0.4225227801521836	0.3237124162984889	2008	11	2008-11-01
1.0621534264907826	0.7830811279717881	0.7648434840455484	0.9452411150262484	2008	12	2008-12-01
1.777853021679474	2.101034835684922	1.724266649574858	0.7175692630475844	2009	1	2009-01-01
-0.0608346122159234	0.3690240754992381	-0.0667847811379865	-0.8342207738572603	2009	2	2009-02-01
0.1597983057396099	0.3239587059107756	-0.18206597137101	-0.0725297460298967	2009	3	2009-03-01
0.1465494140025905	0.2264352530118435	-0.0681896524994939	-0.3684574046357651	2009	4	2009-04-01
0.1189162377381764	-0.0345208902182191	0.0548264834808697	0.8223938361881641	2009	5	2009-05-01
-1.4788543531486689	-1.3881078180188824	-1.1605097044731336	-1.0062717336902551	2009	6	2009-06-01
-0.4999345194088651	-0.882226480568488	-0.4086306847994158	-0.5431826711499282	2009	7	2009-07-01
-0.0744210158572915	-0.3706782594704793	-0.2566718540212152	0.1866427637054203	2009	8	2009-08-01
0.2162875596963092	0.6638894881161976	0.32212737437156	0.3774970138603709	2009	9	2009-09-01
-1.0008759256269355	-1.1793818386213435	-1.3327532791892789	-1.5442294191127206	2009	10	2009-10-01
1.3441047940116897	1.0654668170326316	0.9425642295988014	0.9302669649216384	2009	11	2009-11-01
-1.0373276306783958	-1.2766929368410778	-1.7859590843470838	-1.6727179319871632	2009	12	2009-12-01
-0.5591140320117005	-0.3181712429248016	-1.287851476812094	-1.526680561297891	2010	1	2010-01-01
-2.2900241620216875	-2.0621425577412755	-2.826003156316679	-3.3526268013080616	2010	2	2010-02-01
-0.8790927592902887	-0.7689356819338675	-0.6071110732207976	-1.1868434592037351	2010	3	2010-03-01
-1.3543286614813872	-1.9177773660057555	-1.6757340309881772	-2.012032204856336	2010	4	2010-04-01
-1.6552520548948697	-1.0548900770788656	-1.4121699727057964	-1.3281446826465546	2010	5	2010-05-01
-0.9197459087311532	-0.3976912944631596	-0.394558539228224	-0.4855172229140777	2010	6	2010-06-01
-0.1283918347756838	-0.2482183145619504	-0.0802115395651824	0.3843465817426401	2010	7	2010-07-01
-1.0929345774459032	-1.2585235876528482	-0.8465193700651924	-0.0176890003894565	2010	8	2010-08-01
-0.732692301545435	-1.0003144118811276	-0.9087940641963286	-0.2198589264176079	2010	9	2010-09-01
-0.4132435097919944	-0.8952895518529677	-0.4509064476098009	-0.9153557303242892	2010	10	2010-10-01
-1.1261654561894534	-0.9293115520822712	-0.9057833013664952	-0.0175560900945081	2010	11	2010-11-01
-2.1039214613392527	-2.6337587956727155	-2.373983714516614	-2.7267517937437176	2010	12	2010-12-01
-0.1198546830100579	-0.0690672496988735	-0.0177349038945828	-1.0769328054331555	2011	1	2011-01-01
1.7626213649924336	1.6116959263056378	1.0146506632702157	1.0161722970952232	2011	2	2011-02-01
0.3039476172841111	0.7695628795373787	0.4043337849078718	-0.6301393344973617	2011	3	2011-03-01
0.5977955723478954	0.5013717999346673	0.464457173762448	0.8014414056904888	2011	4	2011-04-01
-0.6386051339545711	-0.956271577371806	-0.8492619014238093	-0.319750834504921	2011	5	2011-05-01
-1.2450414906188694	-1.360641201172622	-1.0260837716576552	-0.9448538455307588	2011	6	2011-06-01
-0.8011813323537901	-0.4228348978896916	-0.1837043210931667	0.3599435690138751	2011	7	2011-07-01
-0.960415934741124	-1.395591434212348	-0.8629509710498215	-0.4054880128288892	2011	8	2011-08-01
0.5540300752960334	0.5309645887571519	0.4074979583074306	1.0548373267775244	2011	9	2011-09-01
0.5181872845489867	-0.1035423163228656	0.1557002356504802	-0.2335367189332742	2011	10	2011-10-01
1.2572016142189666	0.3567402369640681	0.8372167622574085	0.6517182773451173	2011	11	2011-11-01
2.7073313001476755	2.8871082153980083	3.275733129068655	2.690012303579654	2011	12	2011-12-01
1.750336393538129	1.2704253123699727	1.2955221409171247	1.489024154170664	2012	1	2012-01-01
0.9249040150921364	1.2242293767190418	0.8583199974853412	0.1555538478707987	2012	2	2012-02-01
0.6726375968828998	0.5440450888344806	0.5912518452388663	-0.1616920563431048	2012	3	2012-03-01
-0.9293449820283356	-0.176415280376314	-0.2454805341476769	-0.5943913824177295	2012	4	2012-04-01
-1.198677675361672	-1.1445762251862168	-1.1311728216359465	-1.146167663611683	2012	5	2012-05-01
-1.2076971710714757	-1.2864921179617184	-0.7265572979242046	-0.8822915766363607	2012	6	2012-06-01
-0.4403689970258145	-0.2433336401083222	0.0568067750611619	0.0058226702236919	2012	7	2012-07-01
-0.5053084063792339	-0.6827617656646467	-0.5084516514659302	-0.1681532619904195	2012	8	2012-08-01
0.1076237205366993	-0.2771583343116919	0.1687481083078661	0.8412851003027818	2012	9	2012-09-01
-1.2636912421980953	-1.4850254788082229	-1.2812600165235262	-1.1422306163213078	2012	10	2012-10-01
0.5624418628852625	0.4777193207269571	0.4909177661538584	0.5406281901772991	2012	11	2012-11-01
0.5203363618033873	0.1922501477201117	-0.2847896164887024	-0.5339829684567295	2012	12	2012-12-01
1.1969214404172968	1.598973622611412	0.970158353008124	0.583330276406432	2013	1	2013-01-01
-0.2144376730085747	0.2246195933688714	-0.5088504869866175	-0.6097267243732913	2013	2	2013-02-01
-2.68294370110683	-2.6924630919425736	-3.15441090903616	-3.9099316909075537	2013	3	2013-03-01
-0.2384584126525734	-0.2493084744146971	-0.3882343763899149	-0.4761523918099249	2013	4	2013-04-01
-0.2736237187945579	-0.0402785529223923	-0.3756567001687358	0.5007861963265838	2013	5	2013-05-01
-0.0984721365146588	0.3622922064069376	0.1491667958192655	0.5717407883568674	2013	6	2013-06-01
-0.2834214458490325	-0.2322355490290403	-0.1588475045559779	0.3063262249282263	2013	7	2013-07-01
0.0844744363666694	0.0158398443001779	-0.0013260186250641	0.5900364536205472	2013	8	2013-08-01
-0.4620211362078172	-0.5182759232664147	-0.5362846929053845	0.6671866186027131	2013	9	2013-09-01
0.0383920245493817	-0.4645871161628009	-0.0663180441917276	-0.6867793155490458	2013	10	2013-10-01
0.5241221811289792	0.9160600724146094	0.909812102956987	0.5469198181571928	2013	11	2013-11-01
2.699701135943438	2.331251512910086	2.4329267803835064	1.560725546894042	2013	12	2013-12-01
1.9874412262751149	1.2260592269470134	1.2618703932085895	1.800240827346314	2014	1	2014-01-01
2.554162274260825	2.3098383639244826	2.0968631444181893	1.19527162247384	2014	2	2014-02-01
0.822182581210134	1.3172176458020823	0.8980795206937654	0.4153166617177208	2014	3	2014-03-01
-0.3885188974107621	-0.1373688639811505	-0.5572380271067766	-0.6550931807065228	2014	4	2014-04-01
-0.7599662706976142	-0.7365262523637528	-0.8439261926680713	-0.668523233948818	2014	5	2014-05-01
-1.0273181578634554	-0.678351649752587	-0.4949416564033879	-0.1670933602955916	2014	6	2014-06-01
-0.1874445710165907	-0.3745915138633508	-0.2590119653432516	0.6048310247520793	2014	7	2014-07-01
-0.6196704831908171	-0.3347647185223096	-0.3480349691081598	0.0570768052400154	2014	8	2014-08-01
-0.2776920654557734	-0.0934070606394611	-0.4091585342991535	0.475245679842533	2014	9	2014-09-01
0.1827686528498177	-1.1224756967495972	-0.6497985066101024	-0.4474955227656896	2014	10	2014-10-01
0.6777835307400021	0.1101612631458708	0.1846886567897623	0.3569169832662234	2014	11	2014-11-01
1.7536833892392518	1.9046046030729888	1.8237242037180628	1.614837288436576	2014	12	2014-12-01
2.7959416155632213	3.0321579135406145	3.072778662092051	2.7336935095510224	2015	1	2015-01-01
1.406823497924556	2.171599929275308	1.5657327419275526	0.6741013628945126	2015	2	2015-02-01
1.5688637289414993	1.8032387521026985	1.3744038773742282	1.04292522097717	2015	3	2015-03-01
-0.2464152467066624	-0.2188810442218837	0.1065432914959318	-0.5355226390321478	2015	4	2015-04-01
0.1249726886981938	0.3910874634319922	0.3132049730956611	0.6916206663879345	2015	5	2015-05-01
-0.3235602922887251	-0.3143467393959279	0.0779281745323244	-0.2610740768694515	2015	6	2015-06-01
-0.8084697257117127	-1.3031821588349468	-0.4386769273178832	-0.7169536582878309	2015	7	2015-07-01
-0.2663038312200071	-0.8258394334358093	-0.6998325315882156	0.068211556047307	2015	8	2015-08-01
-0.6888742429537147	-0.5959980102836593	-0.8821139162649616	0.1127726375093769	2015	9	2015-09-01
-0.1233083737379483	-0.054696056417497	-0.4512531769452694	0.2177218109005438	2015	10	2015-10-01
1.7057358342799624	1.5054958344232836	1.6474883867861625	1.1891648936248886	2015	11	2015-11-01
2.821390183361221	1.94250352359352	2.415613944860741	0.7593127615437265	2015	12	2015-12-01
1.2235338430581977	1.0251022470518587	0.9164087041875216	0.4115502799403793	2016	1	2016-01-01
1.8384726427509197	2.2349635187138954	2.530413161819661	1.4849335886582875	2016	2	2016-02-01
0.5678070942829061	1.2519952518672397	0.5867331384826693	0.4991648068596603	2016	3	2016-03-01
-1.3492219051506775	-0.7016494527340199	-0.9771667377812644	-0.6524163648108989	2016	4	2016-04-01
-0.6739223877768917	-0.3526516211612831	-0.5959839722628018	-0.3566853172412773	2016	5	2016-05-01
-0.5484052783369956	-0.3817957904733621	-0.2702965707665682	-0.28100565799554	2016	6	2016-06-01
-0.3791377325730438	-0.5254016874026302	-0.0058993218227883	-0.2176752236252033	2016	7	2016-07-01
-0.3339223844136967	-0.4207914204187092	-0.2587317597600957	-0.1563123543849457	2016	8	2016-08-01
0.6498733580775106	0.6512280703644427	0.3393390931711907	0.877403072739778	2016	9	2016-09-01
-0.8038021634896222	-1.0521401751266144	-1.59708509626992	-0.3537413730525089	2016	10	2016-10-01
0.0311052649108799	-0.2217478064207163	0.0937486105518478	0.4431283554942449	2016	11	2016-11-01
1.7515906333916986	1.242874444857861	1.6831316575928164	0.5233962862563075	2016	12	2016-12-01
0.8646238334743453	0.4605654588546954	0.8562211887174088	0.081010974032365	2017	1	2017-01-01
1.0883830033266395	0.5963400906326249	1.0061615289378547	0.3686033559928619	2017	2	2017-02-01
0.8493242965876373	1.5046503036706145	1.0295338500667546	-0.1917571522579948	2017	3	2017-03-01
-0.9317570170515572	-1.0681638167384335	-0.9331746396724646	-0.4974147709046817	2017	4	2017-04-01
-1.3497233374699664	-1.75098733035919	-1.586887577909656	-1.6468568827475236	2017	5	2017-05-01
-0.2012725367013971	-0.3671506098672632	0.0962702274021592	0.1487873678495449	2017	6	2017-06-01
0.1354929665186448	0.4393047579948781	0.6524546644500496	1.164867625831663	2017	7	2017-07-01
-0.1982302168162905	-0.1766876358779962	-0.1139753401852725	0.2623563615471038	2017	8	2017-08-01
0.0344953415156246	0.0177345388172816	-0.4387064085214998	0.941410853860085	2017	9	2017-09-01
0.5070219033760756	0.027616598556223	0.4190255555739521	1.0145276728944126	2017	10	2017-10-01
-0.1453146895765186	-0.5138123771136527	-0.0104709199357125	0.2640401337073266	2017	11	2017-11-01
1.1060659285267234	1.3777795649434834	1.7456210850095262	0.6039451593547508	2017	12	2017-12-01
2.23544631985175	2.4333884306485656	2.0116339233756224	1.51779369149143	2018	1	2018-01-01
1.157207816894461	0.9607040246813328	0.2355790507762005	1.9372478870576244	2018	2	2018-02-01
-1.0587174458226924	-0.5146117424548318	-1.1716292374428987	-1.872033946342964	2018	3	2018-03-01
0.1202710758250499	0.6000766372037495	0.3671241875892182	0.0702162962027	2018	4	2018-04-01
0.2910538966644043	0.6758262077424647	0.1190024369982594	1.0415765846036285	2018	5	2018-05-01
-0.4833775580681261	0.2041211500968031	0.0707075914323169	-0.1971605923383112	2018	6	2018-06-01
0.1739482984044237	0.6259171647390139	0.3558474173496392	1.59457873446158	2018	7	2018-07-01
0.2428354335340325	0.2277822012331123	0.45419232997151	1.0118507303283637	2018	8	2018-08-01
0.0544430156558646	0.0334380936125792	-0.017983128015432	0.6180041561707525	2018	9	2018-09-01
0.1732410692996469	-0.0762282148884	0.0816607521562716	0.1366601278699744	2018	10	2018-10-01
0.3593320663721667	-0.0865927433567737	-0.4607671419712409	-1.3870826053960017	2018	11	2018-11-01
1.2727505694765386	1.3049779228581952	0.9064764186962848	0.1280998506437329	2018	12	2018-12-01
0.4859660398303475	1.1035494208056236	0.8762134655597745	0.6151992583190069	2019	1	2019-01-01
1.1754944805634344	1.3240753201636182	0.867516720502181	-0.2186155490718541	2019	2	2019-02-01
1.496897439892407	1.710702757945499	2.076597968448908	1.517597726854364	2019	3	2019-03-01
-0.5585354511361095	-0.3161949987327062	-0.8705475618738094	-0.5145070109703271	2019	4	2019-04-01
-1.692155696208533	-1.5220788404258156	-1.5910962898144163	-1.9343731190618905	2019	5	2019-05-01
-0.9256004121265704	-1.01478451051517	-0.6703836966500597	-1.0750455410769464	2019	6	2019-06-01
-0.9394305969958	-0.8966660605345347	-0.5244210333064249	-0.2124824067369154	2019	7	2019-07-01
-0.3746076790603001	-0.923620407365512	-0.5153132743316469	-0.3967641083206811	2019	8	2019-08-01
-0.2075559525043041	-0.1070835557431424	-0.0808107917067773	0.3474520256088008	2019	9	2019-09-01
-0.5411437011533111	-0.7522075434476231	-0.4909367168906035	-0.1572700933416397	2019	10	2019-10-01
-0.173875734858187	0.3768260355338174	0.0774717893914629	0.3695346038145975	2019	11	2019-11-01
1.4627169783838772	1.5719761200446698	1.518116568724633	0.5286548949612756	2019	12	2019-12-01
2.793082584066457	2.5066449134537376	2.5871373578865966	1.521174161177631	2020	1	2020-01-01
3.078998069145552	3.0220982535168384	3.466754151212809	1.948110527539496	2020	2	2020-02-01
0.8661973997129558	1.1812367724505335	0.9558350629469504	0.2319935234617772	2020	3	2020-03-01
-0.9809156027826575	-1.068830508488005	-0.6060244777509448	-1.368758685871713	2020	4	2020-04-01
-0.7177407261857545	-0.3231564856567505	-0.4478952013912125	-0.7634810600474865	2020	5	2020-05-01
-0.5919468181894434	-0.3823793095064126	-0.3842396468191023	0.1114946345495133	2020	6	2020-06-01
-0.317571381933537	-0.4765419635325018	-0.0644897486185131	0.1617382190191796	2020	7	2020-07-01
-0.4928998664242395	-0.3302300462517356	-0.4044973144966745	-0.2137052973369897	2020	8	2020-08-01
0.1543503926596039	-0.1392360490185036	0.1123401761149059	0.6500723779953583	2020	9	2020-09-01
0.0785958133275974	0.0072187819159234	0.1619525699505191	1.0807736402060284	2020	10	2020-10-01
1.7084345014781264	1.1927452190316512	1.6202167491896364	1.504402621072536	2020	11	2020-11-01
0.8637965076649012	0.3990980904261834	0.546982017176959	0.8508392399353834	2020	12	2020-12-01
-0.5784940162910303	-0.3783633701409592	-0.6902482382434765	-1.0848570568577622	2021	1	2021-01-01
0.6716230046232825	0.6573561141240649	0.1680201629259155	-0.2440829990989206	2021	2	2021-02-01
0.7340998852466724	1.0144463052809405	0.9876814353932788	0.1446109303446505	2021	3	2021-03-01
-2.024846085131837	-2.1393700311413117	-1.5787767306369165	-2.6488445635416564	2021	4	2021-04-01
-0.7503675803903753	-0.1950239628847652	-0.2629308731071044	-0.4253258722384247	2021	5	2021-05-01
0.0144628991638094	0.0746791939716643	0.2851985427425008	0.5252736618746443	2021	6	2021-06-01
-0.1448554825081683	0.404739880511937	0.3482976625795086	0.6027655342629351	2021	7	2021-07-01
-0.6086657758349103	-0.378339955296368	-0.2612262330613405	0.5552408355550064	2021	8	2021-08-01
-0.0929711020729226	-0.8504078290246043	-0.4989891708629471	-0.2027373795867895	2021	9	2021-09-01
0.0461679270570803	-0.4332295292946474	-0.2009408053467476	-0.7394368413407452	2021	10	2021-10-01
-0.0801980225350992	-0.5217492469697557	0.01433748731774	0.1893597591221769	2021	11	2021-11-01
0.6471315899727074	0.4469945646108638	0.4532624516463951	0.4119322375497343	2021	12	2021-12-01
1.358023039367843	1.6388604389264108	2.0133408431550035	1.6793454088700803	2022	1	2022-01-01
2.531022907591937	2.7470794521255404	2.899097059709244	2.5395480806216155	2022	2	2022-02-01
0.4985548851978873	0.1925409404808698	0.297624797604501	-0.0923104776687285	2022	3	2022-03-01
-1.437713658134903	-1.1923021283078212	-1.3338468977252698	-1.5818645274564658	2022	4	2022-04-01
-0.1881914359851134	-0.4120238217020612	-0.2324970395965572	-0.26179100018933	2022	5	2022-05-01
-0.1251337975400285	-0.4194882737415746	-0.0934393925506424	0.0002591781113636	2022	6	2022-06-01
-0.185199841101476	-0.4531922404693168	0.1221201024911469	0.1449553140435222	2022	7	2022-07-01
-0.472888136637541	-0.4810938483194667	-0.5729716144228199	0.3513824325821386	2022	8	2022-08-01
-1.0660409582641852	-0.7456878199329483	-0.8069560212591849	0.2755734384408789	2022	9	2022-09-01
0.9160629876937284	0.2127772324491798	0.8746405892679038	0.7923503676439104	2022	10	2022-10-01
1.3487927012848733	0.9841251327074876	0.3916633914171842	0.637391896995064	2022	11	2022-11-01
-0.6479478437881492	-1.4527653603253652	-0.967023469170541	-1.8488418856111308	2022	12	2022-12-01
